0.00	97324.54	274.27	0.0024268	57.27	56.57	22.20	49.10
10.00	97204.00	274.16	0.0024341	58.00	57.19	22.94	49.78
20.00	97076.00	273.98	0.0024361	58.20	58.01	23.70	50.44
30.00	96956.36	273.88	0.0024440	59.00	58.60	24.35	51.00
40.00	96837.50	273.79	0.0024440	59.08	58.96	24.87	51.45
50.00	96712.50	273.71	0.0024440	59.92	59.29	25.26	51.81
60.00	96595.00	273.55	0.0024365	60.00	59.81	25.56	52.12
70.00	96476.00	273.36	0.0024410	60.70	60.80	25.81	52.40
80.00	96354.44	273.22	0.0024518	61.78	61.68	25.99	52.64
90.00	96236.67	273.13	0.0024606	62.00	62.28	26.08	52.78
100.00	96117.14	273.06	0.0024596	62.43	62.58	26.13	52.85
110.00	95996.25	272.97	0.0024540	63.00	62.78	26.17	52.89
120.00	95877.50	272.85	0.0024540	63.00	63.35	26.19	52.89
130.00	95758.75	272.76	0.0024502	63.38	63.64	26.22	52.87
140.00	95640.00	272.70	0.0024440	64.00	63.72	26.25	52.83
150.00	95516.92	272.55	0.0024440	64.00	64.46	26.31	52.74
160.00	95395.00	272.45	0.0024440	64.50	64.89	26.38	52.62
170.00	95273.08	272.38	0.0024417	65.00	65.14	26.47	52.49
180.00	95150.00	272.30	0.0024341	65.00	65.27	26.58	52.34
190.00	95041.67	272.22	0.0024424	65.83	65.87	26.73	52.15
200.00	94920.00	272.07	0.0024440	66.00	66.66	26.90	51.95
210.00	94799.09	271.95	0.0024440	66.55	67.25	27.10	51.75
220.00	94680.91	271.85	0.0024440	67.00	67.68	27.33	51.55
230.00	94563.33	271.77	0.0024440	67.33	68.09	27.56	51.39
240.00	94445.72	271.69	0.0024426	68.00	68.43	27.78	51.27
250.00	94324.29	271.61	0.0024355	68.00	68.55	27.98	51.20
260.00	94205.00	271.55	0.0024191	68.00	68.37	28.16	51.17
270.00	94086.00	271.49	0.0024002	67.87	68.11	28.33	51.17
280.00	93966.00	271.42	0.0023803	67.20	67.83	28.51	51.20
290.00	93850.66	271.31	0.0023651	67.00	67.96	28.68	51.26
300.00	93736.25	271.19	0.0023532	67.00	68.21	28.85	51.35
310.00	93617.50	271.13	0.0023470	67.00	68.30	29.00	51.47
320.00	93496.67	271.03	0.0023445	67.33	68.67	29.15	51.59
330.00	93374.44	270.92	0.0023445	67.89	69.22	29.28	51.72
340.00	93265.29	270.85	0.0023398	68.00	69.40	29.41	51.87
350.00	93157.50	270.78	0.0023337	68.08	69.55	29.56	52.04
360.00	93032.50	270.62	0.0023254	68.92	70.18	29.76	52.26
370.00	92915.00	270.53	0.0023320	69.00	70.84	29.96	52.44
380.00	92796.00	270.43	0.0023345	69.70	71.39	30.21	52.61
390.00	92674.44	270.40	0.0023268	70.00	71.24	30.52	52.73
400.00	92562.00	270.32	0.0023246	70.00	71.57	30.85	52.76
410.00	92442.22	270.12	0.0023334	70.89	72.96	31.24	52.68
420.00	92331.00	270.01	0.0023345	71.90	73.60	31.64	52.54
430.00	92210.00	270.00	0.0023345	72.00	73.56	32.11	52.33
440.00	92100.00	270.00	0.0023345	72.00	73.47	32.57	52.10
450.00	91990.00	270.10	0.0023146	71.00	72.15	33.05	51.86
460.00	91870.00	270.00	0.0022947	70.00	72.04	33.55	51.64
470.00	91751.82	269.91	0.0022857	70.00	72.22	34.00	51.46
480.00	91635.00	269.75	0.0022773	70.75	72.84	34.41	51.32
490.00	91516.00	269.63	0.0022818	71.70	73.63	34.86	51.19
500.00	91403.00	269.60	0.0022848	72.00	73.82	35.29	51.09
510.00	91287.27	269.60	0.0022784	72.00	73.52	35.67	51.02
520.00	91168.00	269.54	0.0022688	72.00	73.49	36.01	50.96
530.00	91054.55	269.39	0.0022649	72.55	74.21	36.29	50.88
540.00	90940.91	269.21	0.0022649	73.45	75.27	36.52	50.78
550.00	90826.36	269.06	0.0022685	74.00	76.23	36.70	50.66
560.00	90710.00	269.00	0.0022715	74.00	76.65	36.84	50.51
570.00	90586.00	269.04	0.0022609	73.60	75.93	36.95	50.31
580.00	90476.36	269.10	0.0022477	72.64	75.01	37.00	50.12
590.00	90364.55	269.07	0.0022323	72.00	74.57	37.01	49.93
600.00	90248.18	268.98	0.0022232	72.00	74.75	37.01	49.73
610.00	90138.00	268.89	0.0022141	72.00	74.94	36.98	49.50
620.00	90019.09	268.80	0.0022051	72.09	75.11	36.94	49.21
630.00	89910.00	268.80	0.0022051	73.00	75.02	36.90	48.92
640.00	89797.78	268.69	0.0022029	73.00	75.56	36.84	48.50
650.00	89676.36	268.58	0.0021852	73.00	75.54	36.78	48.07
660.00	89559.29	268.49	0.0021859	73.07	76.04	36.74	47.69
670.00	89452.14	268.42	0.0021930	73.79	76.67	36.71	47.38
680.00	89338.33	268.34	0.0021952	74.58	77.17	36.68	47.03
690.00	89221.67	268.26	0.0021993	75.00	77.77	36.64	46.68
700.00	89107.50	268.20	0.0022101	75.25	78.44	36.60	46.32
710.00	88998.46	268.18	0.0022235	76.00	78.92	36.56	45.98
720.00	88883.07	268.03	0.0022082	76.00	79.31	36.52	45.67
730.00	88768.57	267.94	0.0021937	76.00	79.29	36.47	45.39
740.00	88657.14	267.84	0.0021852	76.29	79.57	36.42	45.13
750.00	88550.00	267.70	0.0021852	77.00	80.45	36.36	44.86
760.00	88435.72	267.70	0.0021994	77.71	80.87	36.28	44.62
770.00	88321.43	267.66	0.0022137	78.00	81.59	36.20	44.39
780.00	88208.57	267.59	0.0022265	78.14	82.46	36.11	44.17
790.00	88101.43	267.51	0.0022336	78.86	83.13	36.01	43.96
800.00	87987.69	267.44	0.0022289	79.00	83.39	35.89	43.77
810.00	87872.86	267.36	0.0022215	79.36	83.54	35.76	43.59
820.00	87758.33	267.29	0.0022151	80.00	83.71	35.64	43.44
830.00	87641.67	267.21	0.0022151	80.00	84.20	35.48	43.28
840.00	87533.08	267.27	0.0022358	80.69	84.44	35.33	43.14
850.00	87425.00	267.30	0.0022499	81.00	84.65	35.16	43.01
860.00	87316.66	267.23	0.0022516	81.00	85.09	34.99	42.87
870.00	87206.67	267.07	0.0022433	81.17	85.90	34.81	42.73
880.00	87090.00	266.90	0.0022350	82.00	86.71	34.62	42.58
890.00	86970.00	266.90	0.0022350	82.00	86.59	34.39	42.40
900.00	86861.67	266.82	0.0022433	82.83	87.43	34.18	42.24
910.00	86753.85	266.86	0.0022511	83.00	87.28	33.98	42.09
920.00	86641.67	266.86	0.0022549	83.00	87.34	33.77	41.92
930.00	86527.50	266.82	0.0022574	83.00	87.58	33.53	41.75
940.00	86419.23	266.91	0.0022695	83.08	87.31	33.29	41.57
950.00	86311.54	266.98	0.0023154	83.85	88.37	33.05	41.40
960.00	86204.29	267.11	0.0023530	84.00	88.69	32.80	41.24
970.00	86093.85	267.20	0.0023774	84.31	88.84	32.55	41.06
980.00	85979.17	267.20	0.0023851	85.00	89.01	32.27	40.88
990.00	85870.83	267.20	0.0023934	85.00	89.21	31.95	40.69
1000.00	85762.50	267.20	0.0023943	85.00	89.13	31.61	40.50
1010.00	85654.62	267.20	0.0024050	85.54	89.41	31.29	40.33
1020.00	85546.67	267.20	0.0024274	86.00	90.13	30.95	40.16
1030.00	85436.00	267.20	0.0024540	86.20	91.00	30.58	39.97
1040.00	85318.00	267.18	0.0024520	87.00	90.96	30.13	39.74
1050.00	85210.00	267.08	0.0024422	87.00	91.25	29.69	39.51
1060.00	85109.17	266.99	0.0024332	87.00	91.52	29.28	39.27
1070.00	85000.84	266.91	0.0024249	87.00	91.75	28.90	39.02
1080.00	84891.00	266.81	0.0024331	87.90	92.72	28.45	38.72
1090.00	84781.00	266.89	0.0024788	88.90	93.69	27.98	38.40
1100.00	84680.00	267.06	0.0025327	89.00	94.19	27.54	38.10
1110.00	84564.00	267.18	0.0025515	89.00	93.81	27.06	37.77
1120.00	84460.00	267.20	0.0025607	89.00	93.87	26.60	37.47
1130.00	84353.00	267.27	0.0025843	89.00	94.04	26.10	37.14
1140.00	84243.64	267.36	0.0026059	89.00	93.95	25.60	36.83
1150.00	84140.00	267.47	0.0026198	89.00	93.50	25.03	36.49
1160.00	84031.25	267.50	0.0026318	89.00	93.53	24.34	36.09
1170.00	83921.00	267.50	0.0026420	89.00	93.77	23.74	35.75
1180.00	83820.00	267.50	0.0026430	89.00	93.70	23.08	35.40
1190.00	83700.00	267.63	0.0026737	90.09	93.61	22.42	35.06
1200.00	83600.00	267.90	0.0027822	91.00	95.05	21.87	34.79
1210.00	83500.00	268.72	0.0030353	92.82	96.52	21.33	34.57
1220.00	83391.82	269.05	0.0031338	93.82	96.81	20.80	34.37
1230.00	83282.00	269.02	0.0031103	93.20	96.17	20.24	34.20
1240.00	83180.00	269.00	0.0031004	92.20	95.91	19.68	34.05
1250.00	83072.00	269.08	0.0030924	92.00	94.90	19.15	33.92
1260.00	82970.00	269.10	0.0031049	92.00	95.00	18.68	33.79
1270.00	82864.17	269.10	0.0031219	92.00	95.40	18.26	33.66
1280.00	82760.00	269.10	0.0031343	92.00	95.66	17.87	33.52
1290.00	82656.67	269.10	0.0031401	92.00	95.71	17.44	33.35
1300.00	82550.00	269.10	0.0031441	92.40	95.71	16.96	33.11
1310.00	82446.37	269.10	0.0031537	93.00	95.88	16.53	32.85
1320.00	82340.00	269.10	0.0031573	93.00	95.87	16.13	32.55
1330.00	82238.00	269.10	0.0031540	93.00	95.65	15.73	32.19
1340.00	82130.00	269.10	0.0031716	93.00	96.06	15.30	31.73
1350.00	82030.00	269.10	0.0031799	93.00	96.19	14.94	31.26
1360.00	81920.00	269.00	0.0031699	93.00	96.58	14.51	30.59
1370.00	81820.00	269.00	0.0031699	93.00	96.46	14.12	29.91
1380.00	81711.00	269.00	0.0031878	93.90	96.87	13.71	29.10
1390.00	81610.00	269.00	0.0031898	94.00	96.82	13.31	28.25
1400.00	81510.00	268.92	0.0031898	94.00	97.37	12.95	27.45
1410.00	81410.00	268.90	0.0031837	94.00	97.22	12.65	26.78
1420.00	81305.83	268.86	0.0031757	94.00	97.19	12.37	26.13
1430.00	81197.27	268.80	0.0031699	94.00	97.37	12.08	25.47
1440.00	81090.00	268.78	0.0031683	94.00	97.33	11.79	24.83
1450.00	80990.00	268.70	0.0031600	94.00	97.65	11.54	24.29
1460.00	80890.00	268.70	0.0031517	94.00	97.27	11.32	23.83
1470.00	80790.00	268.63	0.0031434	94.00	97.45	11.10	23.42
1480.00	80690.00	268.60	0.0031401	94.00	97.50	10.89	23.05
1490.00	80585.83	268.56	0.0031401	94.00	97.72	10.70	22.74
1500.00	80477.27	268.50	0.0031401	94.00	98.08	10.52	22.50
1510.00	80370.00	268.50	0.0031401	94.18	97.95	10.34	22.30
1520.00	80270.77	268.49	0.0031401	95.00	97.89	10.18	22.14
1530.00	80178.46	268.42	0.0031401	95.00	98.43	10.04	22.03
1540.00	80080.00	268.40	0.0031401	95.00	98.43	9.91	21.94
1550.00	79975.83	268.40	0.0031360	95.00	98.18	9.77	21.83
1560.00	79870.00	268.37	0.0031302	95.00	98.09	9.63	21.70
1570.00	79770.00	268.30	0.0031284	95.00	98.53	9.48	21.57
1580.00	79670.00	268.29	0.0031202	94.92	98.22	9.33	21.43
1590.00	79570.00	268.21	0.0031202	94.08	98.80	9.19	21.31
1600.00	79461.82	268.20	0.0031121	94.00	98.47	9.04	21.19
1610.00	79366.67	268.13	0.0030970	94.00	98.44	8.89	21.12
1620.00	79265.00	268.05	0.0030855	94.50	98.65	8.75	21.06
1630.00	79163.08	267.97	0.0030805	95.00	99.05	8.62	21.03
1640.00	79069.09	267.90	0.0030787	95.00	99.46	8.48	21.01
1650.00	78960.00	267.90	0.0030606	95.00	98.74	8.33	21.00
1660.00	78860.00	267.81	0.0030425	94.09	98.80	8.19	21.00
1670.00	78760.00	267.73	0.0030258	94.00	98.85	8.06	21.00
1680.00	78660.00	267.70	0.0030145	94.00	98.56	7.92	21.00
1690.00	78560.00	267.65	0.0030055	94.00	98.61	7.79	21.00
1700.00	78460.00	267.56	0.0029933	94.00	98.79	7.68	21.00
1710.00	78360.00	267.50	0.0029811	94.00	98.79	7.58	21.01
1720.00	78260.00	267.49	0.0029802	94.00	98.71	7.47	21.03
1730.00	78160.00	267.40	0.0029711	94.00	99.06	7.38	21.08
1740.00	78060.00	267.40	0.0029711	94.91	98.93	7.29	21.15
1750.00	77960.00	267.32	0.0029793	95.00	99.77	7.21	21.25
1760.00	77860.00	267.23	0.0029745	95.00	100.22	7.15	21.37
1770.00	77760.00	267.15	0.0029662	95.00	100.53	7.10	21.51
1780.00	77663.33	267.10	0.0029612	95.33	100.67	7.05	21.66
1790.00	77570.00	267.08	0.0029594	96.00	100.64	7.01	21.83
1800.00	77470.00	267.00	0.0029504	96.00	100.92	6.97	22.01
1810.00	77370.00	267.00	0.0029413	96.00	100.48	6.94	22.19
1820.00	77270.00	266.91	0.0029323	96.00	100.83	6.92	22.34
1830.00	77170.00	266.90	0.0029232	95.18	100.47	6.90	22.46
1840.00	77070.00	266.83	0.0029148	95.00	100.63	6.89	22.54
1850.00	76970.00	266.75	0.0029016	95.00	100.77	6.87	22.56
1860.00	76870.00	266.70	0.0028880	95.00	100.60	6.86	22.54
1870.00	76772.50	266.68	0.0028792	95.00	100.38	6.85	22.47
1880.00	76680.00	266.59	0.0028699	95.00	100.67	6.84	22.38
1890.00	76580.00	266.50	0.0028518	95.00	100.70	6.83	22.27
1900.00	76480.00	266.50	0.0028428	95.00	100.25	6.82	22.16
1910.00	76388.18	266.42	0.0028338	95.00	100.52	6.81	22.07
1920.00	76282.73	266.40	0.0028320	95.00	100.48	6.80	21.98
1930.00	76185.83	266.40	0.0028378	95.00	100.55	6.79	21.89
1940.00	76090.00	266.35	0.0028374	95.00	100.81	6.78	21.79
1950.00	75993.33	266.30	0.0028320	95.00	100.97	6.77	21.66
1960.00	75898.18	266.28	0.0028283	95.00	100.87	6.76	21.51
1970.00	75790.83	266.19	0.0028104	95.00	100.88	6.75	21.32
1980.00	75699.17	266.11	0.0027938	95.00	100.89	6.73	21.11
1990.00	75607.50	266.03	0.0027847	95.00	101.17	6.72	20.87
2000.00	75510.00	265.94	0.0027706	95.00	101.26	6.70	20.61
2010.00	75410.00	265.90	0.0027578	94.55	101.03	6.69	20.31
2020.00	75310.00	265.86	0.0027488	94.00	100.88	6.66	19.96
2030.00	75212.50	265.80	0.0027425	94.25	101.08	6.64	19.62
2040.00	75120.00	265.79	0.0027415	95.00	101.01	6.61	19.28
2050.00	75020.91	265.70	0.0027316	94.91	101.30	6.58	18.93
2060.00	74930.00	265.70	0.0027226	94.00	100.85	6.55	18.66
2070.00	74830.00	265.61	0.0027045	94.00	100.84	6.52	18.48
2080.00	74737.50	265.53	0.0026952	94.00	101.11	6.49	18.41
2090.00	74640.00	265.44	0.0026864	94.00	101.43	6.46	18.45
2100.00	74545.00	265.40	0.0026778	94.00	101.30	6.44	18.61
2110.00	74450.00	265.36	0.0026692	94.00	101.17	6.42	18.88
2120.00	74352.31	265.28	0.0026606	94.00	101.48	6.41	19.26
2130.00	74260.00	265.20	0.0026529	94.00	101.74	6.41	19.68
2140.00	74160.00	265.20	0.0026529	94.00	101.61	6.41	20.22
2150.00	74067.28	265.20	0.0026529	94.00	101.48	6.43	20.86
2160.00	73970.00	265.14	0.0026529	94.58	101.87	6.46	21.49
2170.00	73874.17	265.10	0.0026488	94.58	101.95	6.49	22.10
2180.00	73780.00	265.07	0.0026376	94.00	101.63	6.54	22.71
2190.00	73681.67	264.98	0.0026214	94.00	101.67	6.59	23.28
2200.00	73590.00	264.90	0.0026132	94.00	101.96	6.66	23.75
2210.00	73490.00	264.90	0.0026032	94.00	101.44	6.74	24.17
2220.00	73398.33	264.82	0.0025949	94.00	101.73	6.82	24.41
2230.00	73313.33	264.80	0.0025933	94.00	101.70	6.90	24.55
2240.00	73220.00	264.75	0.0025878	94.00	101.84	6.99	24.60
2250.00	73120.00	264.65	0.0025743	94.00	101.98	7.09	24.57
2260.00	73023.33	264.57	0.0025568	94.00	101.94	7.18	24.48
2270.00	72930.00	264.50	0.0025419	93.83	101.81	7.28	24.38
2280.00	72830.00	264.50	0.0025336	93.00	101.34	7.37	24.27
2290.00	72738.33	264.42	0.0025170	93.00	101.29	7.46	24.17
2300.00	72652.31	264.34	0.0025075	93.00	101.49	7.55	24.10
2310.00	72560.00	264.30	0.0024996	93.00	101.38	7.63	24.06
2320.00	72462.50	264.27	0.0024938	93.00	101.24	7.72	24.02
2330.00	72370.00	264.19	0.0024938	93.08	101.85	7.81	24.01
2340.00	72270.00	264.11	0.0024938	93.92	102.47	7.89	24.00
2350.00	72183.85	264.10	0.0024869	93.31	102.14	7.97	24.00
2360.00	72090.00	264.05	0.0024788	93.50	102.12	8.04	24.00
2370.00	71993.08	264.00	0.0024739	94.00	102.23	8.12	24.00
2380.00	71900.77	263.99	0.0024723	94.00	102.11	8.19	24.00
2390.00	71808.46	263.92	0.0024570	94.00	102.04	8.25	24.00
2400.00	71717.28	263.83	0.0024467	93.27	102.28	8.32	24.00
2410.00	71625.83	263.74	0.0024382	93.00	102.57	8.38	24.01
2420.00	71530.00	263.70	0.0024250	93.00	102.25	8.44	24.02
2430.00	71433.33	263.67	0.0024142	93.00	101.96	8.50	24.05
2440.00	71341.66	263.60	0.0024142	93.00	102.43	8.56	24.11
2450.00	71250.00	263.60	0.0024142	93.00	102.30	8.61	24.21
2460.00	71159.09	263.51	0.0024142	93.91	103.00	8.67	24.39
2470.00	71068.18	263.50	0.0024060	94.00	102.60	8.73	24.67
2480.00	70982.31	263.44	0.0023981	94.00	102.70	8.79	25.00
2490.00	70890.00	263.36	0.0023901	94.00	102.95	8.84	25.42
2500.00	70795.00	263.27	0.0023793	93.75	103.11	8.90	25.96
2510.00	70710.91	263.19	0.0023635	93.00	103.07	8.96	26.60
2520.00	70620.00	263.10	0.0023544	93.00	103.38	9.03	27.41
2530.00	70520.00	263.10	0.0023544	93.00	103.24	9.09	28.25
2540.00	70432.31	263.04	0.0023544	93.62	103.67	9.14	29.07
2550.00	70344.17	263.00	0.0023503	94.00	103.72	9.19	29.92
2560.00	70250.00	262.97	0.0023420	94.00	103.44	9.24	30.81
2570.00	70150.83	262.90	0.0023337	94.00	103.62	9.28	31.66
2580.00	70059.17	262.90	0.0023254	94.00	103.12	9.31	32.46
2590.00	69968.18	262.82	0.0023246	94.00	103.70	9.32	33.23
2600.00	69883.33	262.80	0.0023246	94.00	103.75	9.32	33.86
2610.00	69795.00	262.75	0.0023146	93.50	103.63	9.30	34.39
2620.00	69703.33	262.67	0.0023014	93.00	103.67	9.27	34.81
2630.00	69611.82	262.60	0.0022911	93.00	103.69	9.23	35.13
2640.00	69520.83	262.59	0.0022740	93.00	102.86	9.16	35.33
2650.00	69429.17	262.51	0.0022657	93.00	103.11	9.09	35.39
2660.00	69343.84	262.43	0.0022511	93.00	103.04	9.02	35.31
2670.00	69250.00	262.35	0.0022400	93.00	103.13	8.95	35.15
2680.00	69156.16	262.27	0.0022289	92.69	103.23	8.87	34.89
2690.00	69070.83	262.20	0.0022134	92.00	103.02	8.81	34.58
2700.00	68979.17	262.20	0.0021968	92.00	102.11	8.76	34.17
2710.00	68887.50	262.13	0.0021802	92.00	101.89	8.72	33.72
2720.00	68801.66	262.04	0.0021636	92.00	101.75	8.71	33.24
2730.00	68710.00	261.95	0.0021463	91.55	101.59	8.72	32.73
2740.00	68616.67	261.87	0.0021321	91.00	101.58	8.76	32.23
2750.00	68531.82	261.80	0.0021237	91.00	101.66	8.82	31.77
2760.00	68441.67	261.79	0.0021155	91.00	101.22	8.92	31.33
2770.00	68358.33	261.71	0.0021155	91.00	101.85	9.04	31.00
2780.00	68267.50	261.70	0.0021080	91.00	101.44	9.17	30.75
2790.00	68175.83	261.64	0.0020939	91.00	101.15	9.33	30.59
2800.00	68084.54	261.55	0.0020811	91.00	101.19	9.50	30.50
2810.00	67993.64	261.50	0.0020721	91.00	101.11	9.70	30.50
2820.00	67905.00	261.47	0.0020632	90.75	100.78	9.89	30.55
2830.00	67820.91	261.39	0.0020549	90.00	101.01	10.07	30.64
2840.00	67730.00	261.30	0.0020458	90.00	101.26	10.27	30.74
2850.00	67646.67	261.22	0.0020292	90.00	101.07	10.43	30.81
2860.00	67557.27	261.20	0.0020186	90.00	100.56	10.60	30.83
2870.00	67466.36	261.14	0.0020096	90.00	100.55	10.76	30.79
2880.00	67380.00	261.10	0.0020010	90.00	100.32	10.90	30.69
2890.00	67293.33	261.07	0.0019960	90.00	100.25	11.02	30.53
2900.00	67201.67	261.00	0.0019943	90.00	100.63	11.12	30.30
2910.00	67110.00	261.00	0.0019860	90.00	100.08	11.22	30.01
2920.00	67026.66	260.92	0.0019777	89.17	100.29	11.31	29.66
2930.00	66943.33	260.90	0.0019694	89.00	99.89	11.39	29.25
2940.00	66855.00	260.85	0.0019611	89.00	99.79	11.46	28.80
2950.00	66766.15	260.80	0.0019562	89.00	99.86	11.53	28.33
2960.00	66680.91	260.79	0.0019553	89.00	99.77	11.59	27.86
2970.00	66590.00	260.70	0.0019462	89.00	99.99	11.67	27.30
2980.00	66499.09	260.70	0.0019462	89.00	99.86	11.74	26.71
2990.00	66415.00	260.63	0.0019313	88.25	99.64	11.80	26.19
3000.00	66331.67	260.60	0.0019205	88.00	99.18	11.86	25.68
3010.00	66244.17	260.56	0.0019080	88.00	98.78	11.92	25.20
3020.00	66155.00	260.47	0.0018914	87.75	98.54	11.98	24.75
3030.00	66071.67	260.39	0.0018756	87.00	98.33	12.04	24.34
3040.00	65988.33	260.31	0.0018673	87.00	98.52	12.09	23.99
3050.00	65898.18	260.22	0.0018584	87.00	98.72	12.15	23.68
3060.00	65806.67	260.20	0.0018499	87.00	98.30	12.20	23.45
3070.00	65719.23	260.15	0.0018374	87.00	97.91	12.25	23.28
3080.00	65635.00	260.08	0.0018242	87.00	97.78	12.29	23.16
3090.00	65551.66	259.99	0.0018159	87.00	97.96	12.33	23.08
3100.00	65468.33	259.91	0.0018076	87.00	98.13	12.38	23.04
3110.00	65377.50	259.82	0.0017918	86.25	97.88	12.41	23.04
3120.00	65291.67	259.74	0.0017752	86.00	97.59	12.45	23.06
3130.00	65209.09	259.65	0.0017623	86.00	97.53	12.49	23.12
3140.00	65126.66	259.60	0.0017569	86.00	97.60	12.52	23.21
3150.00	65041.82	259.58	0.0017551	86.00	97.53	12.54	23.32
3160.00	64952.00	259.50	0.0017469	86.00	97.67	12.57	23.48
3170.00	64870.91	259.49	0.0017460	86.00	97.58	12.58	23.68
3180.00	64780.00	259.40	0.0017370	86.00	97.75	12.59	23.89
3190.00	64696.67	259.32	0.0017370	86.00	98.38	12.59	24.11
3200.00	64614.55	259.30	0.0017297	86.00	97.99	12.58	24.35
3210.00	64526.37	259.24	0.0017207	86.00	97.91	12.56	24.60
3220.00	64440.00	259.15	0.0017121	86.00	98.07	12.54	24.86
3230.00	64356.67	259.07	0.0017038	86.00	98.22	12.51	25.13
3240.00	64273.08	259.00	0.0016956	86.00	98.22	12.48	25.40
3250.00	64188.46	259.00	0.0016879	86.00	97.65	12.45	25.66
3260.00	64108.00	258.91	0.0016782	86.00	97.77	12.41	26.01
3270.00	64019.00	258.90	0.0016772	86.00	97.66	12.37	26.40
3280.00	63935.00	258.82	0.0016697	85.25	97.77	12.35	26.75
3290.00	63851.66	258.80	0.0016614	85.00	97.39	12.33	27.10
3300.00	63768.33	258.76	0.0016531	85.00	97.14	12.31	27.44
3310.00	63682.72	258.70	0.0016446	84.73	97.03	12.31	27.79
3320.00	63593.33	258.70	0.0016373	84.00	96.47	12.31	28.13
3330.00	63510.00	258.70	0.0016373	84.00	96.34	12.32	28.42
3340.00	63426.66	258.70	0.0016373	84.00	96.22	12.33	28.67
3350.00	63343.33	258.63	0.0016373	84.00	96.68	12.35	28.89
3360.00	63260.91	258.60	0.0016373	84.00	96.86	12.37	29.09
3370.00	63179.09	258.55	0.0016328	84.00	96.87	12.40	29.27
3380.00	63097.27	258.50	0.0016237	84.00	96.69	12.42	29.41
3390.00	63012.73	258.50	0.0016174	84.00	96.18	12.45	29.51
3400.00	62925.00	258.48	0.0016141	84.00	96.00	12.47	29.56
3410.00	62850.00	258.40	0.0015974	84.00	95.63	12.48	29.56
3420.00	62759.09	258.31	0.0015884	83.09	95.75	12.49	29.50
3430.00	62676.36	258.30	0.0015875	83.00	95.65	12.50	29.41
3440.00	62594.55	258.23	0.0015802	83.00	95.74	12.50	29.30
3450.00	62511.67	258.14	0.0015717	83.00	95.85	12.50	29.19
3460.00	62431.54	258.06	0.0015637	83.00	95.95	12.49	29.08
3470.00	62353.33	257.98	0.0015559	83.00	96.05	12.48	28.98
3480.00	62270.00	257.90	0.0015476	83.00	96.15	12.47	28.87
3490.00	62185.38	257.82	0.0015476	83.00	96.70	12.46	28.73
3500.00	62101.66	257.80	0.0015418	83.00	96.42	12.45	28.56
3510.00	62018.33	257.76	0.0015335	83.00	96.14	12.45	28.35
3520.00	61937.50	257.68	0.0015252	83.00	96.24	12.44	28.08
3530.00	61860.91	257.59	0.0015177	83.00	96.40	12.43	27.76
3540.00	61770.00	257.50	0.0015177	83.00	97.07	12.42	27.35
3550.00	61688.18	257.50	0.0015086	83.00	96.37	12.41	26.88
3560.00	61612.50	257.42	0.0015002	83.00	96.38	12.41	26.41
3570.00	61531.67	257.34	0.0014919	83.00	96.47	12.40	25.91
3580.00	61448.34	257.26	0.0014836	83.00	96.55	12.39	25.41
3590.00	61364.62	257.20	0.0014778	83.00	96.57	12.38	24.92
3600.00	61280.00	257.20	0.0014778	83.00	96.43	12.37	24.46
3610.00	61196.67	257.12	0.0014695	83.00	96.51	12.36	23.99
3620.00	61118.46	257.04	0.0014617	83.00	96.58	12.34	23.57
3630.00	61042.50	257.00	0.0014579	83.00	96.55	12.32	23.17
3640.00	60965.46	256.97	0.0014579	83.00	96.68	12.30	22.78
3650.00	60883.64	256.90	0.0014579	83.00	97.20	12.27	22.41
3660.00	60801.66	256.89	0.0014579	83.00	97.15	12.24	22.10
3670.00	60718.33	256.81	0.0014579	83.00	97.78	12.21	21.88
3680.00	60635.00	256.80	0.0014504	83.00	97.22	12.18	21.72
3690.00	60556.15	256.75	0.0014425	83.00	97.05	12.16	21.63
3700.00	60476.66	256.67	0.0014346	83.00	97.11	12.13	21.59
3710.00	60395.00	256.58	0.0014246	83.00	97.06	12.10	21.60
3720.00	60320.00	256.50	0.0014080	83.00	96.56	12.07	21.66
3730.00	60238.18	256.50	0.0013989	82.09	95.81	12.05	21.74
3740.00	60156.37	256.42	0.0013980	82.00	96.36	12.02	21.83
3750.00	60073.34	256.33	0.0013914	82.00	96.53	12.01	21.90
3760.00	59995.00	256.30	0.0013881	82.00	96.48	11.99	21.94
3770.00	59916.67	256.27	0.0013847	82.00	96.42	11.98	21.97
3780.00	59834.29	256.19	0.0013767	82.00	96.46	11.96	21.98
3790.00	59755.72	256.11	0.0013696	82.00	96.48	11.95	21.97
3800.00	59673.34	256.03	0.0013615	82.00	96.51	11.94	21.94
3810.00	59595.00	256.00	0.0013532	82.00	96.10	11.92	21.88
3820.00	59517.27	255.96	0.0013482	81.64	95.95	11.91	21.78
3830.00	59437.50	255.87	0.0013457	81.00	96.45	11.89	21.64
3840.00	59361.67	255.79	0.0013365	81.00	96.42	11.86	21.48
3850.00	59278.33	255.71	0.0013199	81.00	95.84	11.84	21.28
3860.00	59196.36	255.70	0.0013101	81.00	95.07	11.81	21.03
3870.00	59120.00	255.63	0.0013016	81.00	94.93	11.78	20.77
3880.00	59045.00	255.55	0.0012983	80.50	95.32	11.75	20.50
3890.00	58966.67	255.47	0.0012950	80.00	95.70	11.72	20.23
3900.00	58885.00	255.40	0.0012850	80.00	95.43	11.69	19.95
3910.00	58810.00	255.40	0.0012684	80.00	94.08	11.66	19.67
3920.00	58728.18	255.31	0.0012593	79.09	94.08	11.63	19.38
3930.00	58646.36	255.22	0.0012584	79.00	94.69	11.60	19.09
3940.00	58570.00	255.20	0.0012518	79.00	94.23	11.58	18.82
3950.00	58495.00	255.15	0.0012435	79.00	93.93	11.56	18.57
3960.00	58417.27	255.06	0.0012385	79.00	94.20	11.55	18.31
3970.00	58337.50	255.00	0.0012360	79.00	94.45	11.54	18.04
3980.00	58261.82	254.99	0.0012267	78.91	93.70	11.54	17.77
3990.00	58180.00	254.90	0.0012085	78.00	92.99	11.54	17.46
4000.00	58096.67	254.82	0.0012002	77.17	92.95	11.56	17.15
4010.00	58024.62	254.80	0.0011924	77.00	92.37	11.58	16.82
4020.00	57948.34	254.76	0.0011844	77.00	92.00	11.61	16.47
4030.00	57867.50	254.70	0.0011786	77.00	91.93	11.64	16.09
4040.00	57791.82	254.69	0.0011786	77.00	91.89	11.68	15.69
4050.00	57710.00	254.60	0.0011786	77.00	92.56	11.74	15.23
4060.00	57635.00	254.52	0.0011703	77.00	92.51	11.79	14.82
4070.00	57554.54	254.50	0.0011686	77.00	92.40	11.85	14.37
4080.00	57477.50	254.44	0.0011628	77.00	92.33	11.90	13.94
4090.00	57405.39	254.36	0.0011548	77.00	92.28	11.95	13.55
4100.00	57333.33	254.28	0.0011470	77.00	92.23	12.00	13.16
4110.00	57250.00	254.20	0.0011387	77.00	92.16	12.05	12.77
4120.00	57173.08	254.20	0.0011387	76.23	92.04	12.08	12.42
4130.00	57097.50	254.20	0.0011387	76.58	91.92	12.12	12.08
4140.00	57022.50	254.16	0.0011387	77.00	92.16	12.14	11.75
4150.00	56945.46	254.10	0.0011387	77.00	92.55	12.17	11.44
4160.00	56865.45	254.10	0.0011387	77.00	92.42	12.18	11.15
4170.00	56792.31	254.10	0.0011387	77.00	92.30	12.20	10.89
4180.00	56715.38	254.10	0.0011387	77.00	92.18	12.21	10.70
4190.00	56640.00	254.03	0.0011321	77.00	92.10	12.22	10.52
4200.00	56563.84	253.95	0.0011241	76.54	92.03	12.23	10.38
4210.00	56487.50	253.87	0.0011163	76.00	91.96	12.25	10.25
4220.00	56412.50	253.79	0.0011079	75.92	91.88	12.27	10.14
4230.00	56337.50	253.71	0.0010996	75.08	91.80	12.30	10.06
4240.00	56262.50	253.70	0.0010913	75.00	91.06	12.35	9.97
4250.00	56187.50	253.70	0.0010888	75.00	90.73	12.41	9.86
4260.00	56111.54	253.66	0.0010888	75.00	90.94	12.47	9.74
4270.00	56035.00	253.60	0.0010872	75.00	91.22	12.54	9.58
4280.00	55960.00	253.60	0.0010788	75.00	90.40	12.63	9.37
4290.00	55876.66	253.52	0.0010788	74.17	90.99	12.73	9.09
4300.00	55804.62	253.56	0.0010788	74.00	90.48	12.83	8.78
4310.00	55732.50	253.60	0.0010830	74.00	90.38	12.94	8.43
4320.00	55657.50	253.60	0.0010888	74.25	90.74	13.05	8.03
4330.00	55582.50	253.60	0.0010888	75.00	90.62	13.17	7.61
4340.00	55507.50	253.60	0.0010888	75.00	90.50	13.28	7.15
4350.00	55434.55	253.52	0.0010806	74.18	90.41	13.40	6.62
4360.00	55354.54	253.50	0.0010788	74.00	90.28	13.52	6.08
4370.00	55283.33	253.44	0.0010730	74.00	90.19	13.61	5.55
4380.00	55212.50	253.36	0.0010647	74.00	90.09	13.70	5.02
4390.00	55137.50	253.30	0.0010564	74.00	89.77	13.78	4.50
4400.00	55062.50	253.29	0.0010481	73.92	89.01	13.85	3.98
4410.00	54987.50	253.21	0.0010398	73.08	88.90	13.91	3.48
4420.00	54914.55	253.12	0.0010308	73.00	88.78	13.96	2.96
4430.00	54841.82	253.03	0.0010289	73.00	89.29	14.01	2.45
4440.00	54767.50	253.00	0.0010231	73.00	88.89	14.04	2.01
4450.00	54691.54	252.96	0.0010190	73.00	88.74	14.06	1.61
4460.00	54616.67	252.90	0.0010173	72.83	89.00	14.08	1.23
4470.00	54550.00	252.90	0.0010090	72.00	88.17	14.10	0.86
4480.00	54468.18	252.81	0.0009999	72.00	88.01	14.11	0.48
4490.00	54392.50	252.72	0.0009990	72.00	88.53	14.13	0.15
4500.00	54323.34	252.70	0.0009990	72.00	88.63	14.14	359.83
4510.00	54249.09	252.65	0.0009945	72.00	88.49	14.15	359.51
4520.00	54173.33	252.60	0.0009890	72.00	88.35	14.16	359.20
4530.00	54105.00	252.58	0.0009874	72.00	88.23	14.17	358.89
4540.00	54030.00	252.50	0.0009790	72.00	88.08	14.18	358.58
4550.00	53955.00	252.42	0.0009790	72.00	88.67	14.19	358.27
4560.00	53881.82	252.40	0.0009790	72.00	88.69	14.21	357.95
4570.00	53813.33	252.34	0.0009732	72.00	88.55	14.22	357.65
4580.00	53742.50	252.26	0.0009691	72.00	88.77	14.23	357.38
4590.00	53665.46	252.20	0.0009691	72.00	89.15	14.23	357.12
4600.00	53586.67	252.18	0.0009674	72.00	89.01	14.24	356.86
4610.00	53520.00	252.10	0.0009591	72.00	88.85	14.24	356.63
4620.00	53445.00	252.02	0.0009508	72.00	88.67	14.23	356.42
4630.00	53376.67	252.00	0.0009558	72.00	89.17	14.22	356.21
4640.00	53305.00	251.95	0.0009591	72.50	89.80	14.20	356.01
4650.00	53232.31	251.87	0.0009560	73.00	90.09	14.17	355.81
4660.00	53162.31	251.79	0.0009491	73.00	90.00	14.15	355.63
4670.00	53085.39	251.72	0.0009491	73.00	90.54	14.12	355.46
4680.00	53014.62	251.64	0.0009430	73.00	90.51	14.08	355.30
4690.00	52945.38	251.60	0.0009353	73.00	90.00	14.04	355.13
4700.00	52875.00	251.58	0.0009275	73.00	89.27	13.99	354.97
4710.00	52800.00	251.50	0.0009192	73.00	89.07	13.94	354.81
4720.00	52725.00	251.42	0.0009192	72.17	89.67	13.88	354.64
4730.00	52654.62	251.40	0.0009192	72.00	89.70	13.82	354.48
4740.00	52586.67	251.40	0.0009192	72.00	89.58	13.76	354.32
4750.00	52518.18	251.37	0.0009164	72.00	89.44	13.69	354.15
4760.00	52444.61	251.28	0.0009092	72.00	89.37	13.61	353.98
4770.00	52367.69	251.21	0.0009092	72.00	89.91	13.55	353.82
4780.00	52295.71	251.20	0.0009092	72.64	89.86	13.49	353.68
4790.00	52227.86	251.16	0.0009092	73.00	90.06	13.42	353.55
4800.00	52162.31	251.09	0.0009084	73.00	90.50	13.36	353.43
4810.00	52085.39	251.02	0.0009007	73.00	90.28	13.30	353.31
4820.00	52016.67	251.00	0.0008992	73.00	90.15	13.24	353.20
4830.00	51945.00	250.95	0.0008992	73.00	90.47	13.19	353.10
4840.00	51872.31	250.90	0.0008992	73.00	90.79	13.15	353.02
4850.00	51803.33	250.89	0.0008984	73.00	90.65	13.12	352.94
4860.00	51736.67	250.81	0.0008900	73.00	90.44	13.10	352.85
4870.00	51664.55	250.72	0.0008810	73.00	90.19	13.09	352.71
4880.00	51591.82	250.63	0.0008720	72.27	89.94	13.10	352.54
4890.00	51521.00	250.60	0.0008692	72.00	89.78	13.14	352.30
4900.00	51453.33	250.54	0.0008634	72.00	89.57	13.19	352.03
4910.00	51382.50	250.46	0.0008593	72.00	89.75	13.25	351.74
4920.00	51310.00	250.37	0.0008593	72.00	90.36	13.32	351.42
4930.00	51243.33	250.30	0.0008593	72.00	90.92	13.41	351.09
4940.00	51176.67	250.30	0.0008593	72.00	90.80	13.50	350.73
4950.00	51102.50	250.30	0.0008593	72.75	90.67	13.60	350.36
4960.00	51035.00	250.25	0.0008593	73.00	91.00	13.69	350.04
4970.00	50966.92	250.20	0.0008593	73.00	91.32	13.78	349.73
4980.00	50890.00	250.20	0.0008593	73.00	91.19	13.88	349.40
4990.00	50828.46	250.20	0.0008516	73.00	90.26	13.96	349.08
5000.00	50752.73	250.14	0.0008493	72.36	90.45	14.05	348.71
5010.00	50680.00	250.05	0.0008443	72.00	90.56	14.14	348.35
5020.00	50615.38	250.00	0.0008393	72.00	90.35	14.20	348.00
5030.00	50552.31	249.98	0.0008378	72.00	90.21	14.26	347.67
5040.00	50475.39	249.83	0.0008224	72.00	89.78	14.31	347.34
5050.00	50404.62	249.80	0.0008193	71.38	89.59	14.35	347.01
5060.00	50335.38	249.76	0.0008155	71.00	89.39	14.38	346.69
5070.00	50267.69	249.68	0.0008078	71.00	89.11	14.41	346.39
5080.00	50206.15	249.61	0.0008001	71.00	88.83	14.44	346.10
5090.00	50135.71	249.54	0.0007929	71.00	88.54	14.46	345.85
5100.00	50064.29	249.43	0.0007894	71.00	88.96	14.48	345.62
5110.00	49993.57	249.29	0.0007894	71.07	90.04	14.50	345.41
5120.00	49929.29	249.22	0.0007894	71.79	90.56	14.52	345.21
5130.00	49860.00	249.15	0.0007894	72.00	91.08	14.55	345.01
5140.00	49790.72	249.08	0.0007894	72.21	91.61	14.58	344.82
5150.00	49726.43	249.01	0.0007894	72.93	92.14	14.61	344.64
5160.00	49657.69	248.86	0.0007825	73.00	92.54	14.65	344.45
5170.00	49588.46	248.80	0.0007794	73.00	92.62	14.69	344.25
5180.00	49520.91	248.77	0.0007794	73.00	92.75	14.74	344.04
5190.00	49455.46	248.68	0.0007776	73.00	93.25	14.80	343.79
5200.00	49383.08	248.59	0.0007694	73.08	92.97	14.86	343.54
5210.00	49313.85	248.52	0.0007694	73.85	93.55	14.92	343.30
5220.00	49248.57	248.44	0.0007694	74.57	94.11	14.96	343.06
5230.00	49182.31	248.34	0.0007694	75.00	94.98	15.01	342.79
5240.00	49113.33	248.19	0.0007694	75.08	96.25	15.06	342.50
5250.00	49046.67	248.11	0.0007694	75.92	96.93	15.10	342.16
5260.00	48977.69	248.10	0.0007625	75.31	96.00	15.14	341.82
5270.00	48910.00	248.10	0.0007544	75.00	94.85	15.17	341.45
5280.00	48843.33	248.07	0.0007494	74.67	94.41	15.20	341.06
5290.00	48776.15	247.98	0.0007494	74.15	95.06	15.22	340.66
5300.00	48706.92	247.91	0.0007494	74.92	95.67	15.24	340.28
5310.00	48642.14	247.84	0.0007430	75.00	95.41	15.25	339.92
5320.00	48577.86	247.76	0.0007395	75.00	95.51	15.27	339.57
5330.00	48512.86	247.69	0.0007380	74.93	95.89	15.28	339.22
5340.00	48441.43	247.62	0.0007238	74.21	94.57	15.30	338.88
5350.00	48375.00	247.55	0.0007095	73.00	93.25	15.32	338.55
5360.00	48310.00	247.47	0.0006970	72.00	92.18	15.34	338.22
5370.00	48242.73	247.39	0.0006895	72.00	91.85	15.37	337.87
5380.00	48170.00	247.30	0.0006895	72.00	92.55	15.42	337.53
5390.00	48108.46	247.22	0.0006818	72.00	92.12	15.46	337.28
5400.00	48041.54	247.15	0.0006795	72.00	92.40	15.52	337.04
5410.00	47975.38	247.07	0.0006795	72.31	92.99	15.58	336.83
5420.00	47913.33	246.99	0.0006795	73.08	93.61	15.65	336.65
5430.00	47846.67	246.91	0.0006795	73.92	94.27	15.73	336.50
5440.00	47774.55	246.82	0.0006795	74.00	94.99	15.82	336.39
5450.00	47713.33	246.67	0.0006662	73.33	94.45	15.91	336.33
5460.00	47648.00	246.60	0.0006476	71.20	92.31	16.01	336.35
5470.00	47580.00	246.55	0.0006246	69.00	89.35	16.11	336.41
5480.00	47513.33	246.47	0.0006063	67.67	87.36	16.19	336.50
5490.00	47447.69	246.38	0.0005981	66.85	86.78	16.26	336.61
5500.00	47386.15	246.31	0.0005904	66.08	86.23	16.32	336.72
5510.00	47317.69	246.16	0.0005827	66.00	86.26	16.37	336.83
5520.00	47248.46	246.05	0.0005797	66.00	86.63	16.40	336.93
5530.00	47181.54	245.98	0.0005797	66.23	87.19	16.43	337.02
5540.00	47120.00	245.90	0.0005797	67.00	87.77	16.44	337.10
5550.00	47058.46	245.82	0.0005720	67.00	87.17	16.44	337.17
5560.00	46991.54	245.75	0.0005697	67.00	87.39	16.42	337.23
5570.00	46924.55	245.66	0.0005697	67.00	88.00	16.39	337.27
5580.00	46858.18	245.57	0.0005697	67.27	88.70	16.35	337.30
5590.00	46787.69	245.48	0.0005697	68.00	89.37	16.29	337.29
5600.00	46726.15	245.41	0.0005697	68.00	89.96	16.24	337.27
5610.00	46662.14	245.34	0.0005697	68.64	90.51	16.20	337.22
5620.00	46597.86	245.26	0.0005697	69.00	91.05	16.16	337.17
5630.00	46533.75	245.19	0.0005697	69.06	91.65	16.12	337.12
5640.00	46471.25	245.06	0.0005697	69.69	92.71	16.10	337.07
5650.00	46406.67	244.97	0.0005663	70.00	92.95	16.09	337.01
5660.00	46340.00	244.90	0.0005597	70.00	92.36	16.08	336.95
5670.00	46275.71	244.83	0.0005597	70.00	92.92	16.10	336.87
5680.00	46210.00	244.75	0.0005547	70.00	92.70	16.14	336.78
5690.00	46142.00	244.66	0.0005457	69.60	91.92	16.21	336.65
5700.00	46076.67	244.57	0.0005397	69.00	91.66	16.33	336.52
5710.00	46017.69	244.48	0.0005397	69.15	92.33	16.46	336.39
5720.00	45956.15	244.41	0.0005397	69.92	92.94	16.62	336.28
5730.00	45887.69	244.26	0.0005328	69.31	93.01	16.80	336.19
5740.00	45825.71	244.16	0.0005297	69.00	93.36	17.00	336.12
5750.00	45766.15	244.08	0.0005282	69.15	93.67	17.22	336.08
5760.00	45696.92	244.01	0.0005205	69.92	92.90	17.46	336.07
5770.00	45630.00	243.92	0.0005197	69.25	93.43	17.75	336.09
5780.00	45566.92	243.90	0.0005144	69.00	92.58	18.03	336.14
5790.00	45503.33	243.87	0.0005064	68.67	91.34	18.32	336.21
5800.00	45436.67	243.78	0.0004998	67.83	90.79	18.63	336.32
5810.00	45370.00	243.70	0.0004998	67.00	91.45	18.94	336.44
5820.00	45316.15	243.70	0.0004921	67.00	89.94	19.21	336.56
5830.00	45253.33	243.64	0.0004898	67.00	89.94	19.49	336.68
5840.00	45186.67	243.60	0.0004898	67.00	90.19	19.76	336.80
5850.00	45121.54	243.62	0.0004898	67.00	89.85	20.00	336.91
5860.00	45060.00	243.70	0.0004898	67.00	89.01	20.22	337.01
5870.00	44998.46	243.70	0.0004898	66.23	88.89	20.41	337.11
5880.00	44935.00	243.70	0.0004898	66.00	88.76	20.57	337.21
5890.00	44871.54	243.65	0.0004875	65.77	88.64	20.72	337.31
5900.00	44810.00	243.50	0.0004798	65.00	88.54	20.86	337.43
5910.00	44745.72	243.43	0.0004726	65.00	87.74	20.98	337.54
5920.00	44681.43	243.40	0.0004741	65.00	88.15	21.08	337.65
5930.00	44618.57	243.40	0.0004798	65.14	89.08	21.18	337.75
5940.00	44561.43	243.40	0.0004798	65.86	88.97	21.26	337.86
5950.00	44498.57	243.34	0.0004798	66.00	89.38	21.34	337.95
5960.00	44433.33	243.27	0.0004798	66.00	89.96	21.42	338.05
5970.00	44368.33	243.18	0.0004781	66.00	90.30	21.49	338.15
5980.00	44310.00	243.10	0.0004698	66.00	89.39	21.56	338.27
5990.00	44248.46	243.02	0.0004698	66.00	89.99	21.62	338.40
6000.00	44185.00	242.95	0.0004648	65.50	89.58	21.68	338.52
6010.00	44122.00	242.88	0.0004578	65.00	88.76	21.72	338.65
6020.00	44062.00	242.81	0.0004511	65.00	87.97	21.76	338.78
6030.00	44002.00	242.75	0.0004498	64.47	88.20	21.79	338.93
6040.00	43940.72	242.68	0.0004477	64.00	88.29	21.82	339.09
6050.00	43876.43	242.61	0.0004405	64.00	87.41	21.84	339.27
6060.00	43810.00	242.53	0.0004323	64.00	86.39	21.86	339.51
6070.00	43749.17	242.44	0.0004298	64.00	86.54	21.86	339.79
6080.00	43688.18	242.40	0.0004298	64.00	86.79	21.85	340.11
6090.00	43626.67	242.37	0.0004265	63.67	86.30	21.84	340.48
6100.00	43568.33	242.28	0.0004198	63.00	85.59	21.81	340.86
6110.00	43510.00	242.20	0.0004198	63.00	86.23	21.79	341.25
6120.00	43440.77	242.12	0.0004121	63.00	85.20	21.75	341.62
6130.00	43380.63	242.01	0.0004098	63.00	85.61	21.73	341.94
6140.00	43323.57	241.89	0.0004091	63.00	86.43	21.70	342.24
6150.00	43259.28	241.82	0.0004020	63.00	85.44	21.68	342.57
6160.00	43200.00	241.75	0.0003998	63.00	85.52	21.66	342.88
6170.00	43140.72	241.66	0.0003977	63.00	85.78	21.65	343.17
6180.00	43076.43	241.51	0.0003906	63.00	85.40	21.64	343.44
6190.00	43018.57	241.44	0.0003898	62.36	85.85	21.65	343.67
6200.00	42957.86	241.36	0.0003898	62.36	86.38	21.66	343.90
6210.00	42894.00	241.29	0.0003892	63.00	86.76	21.68	344.11
6220.00	42834.00	241.23	0.0003825	63.00	85.76	21.71	344.27
6230.00	42774.00	241.12	0.0003799	63.00	86.02	21.75	344.42
6240.00	42714.00	240.99	0.0003792	63.00	86.91	21.80	344.55
6250.00	42654.00	240.93	0.0003725	63.00	85.87	21.86	344.64
6260.00	42595.71	240.86	0.0003699	63.00	85.78	21.92	344.72
6270.00	42536.67	240.78	0.0003699	62.83	86.33	22.00	344.76
6280.00	42470.00	240.70	0.0003699	62.00	86.97	22.09	344.76
6290.00	42411.67	240.62	0.0003615	62.83	85.65	22.20	344.70
6300.00	42353.33	240.53	0.0003599	63.00	85.91	22.31	344.60
6310.00	42293.08	240.45	0.0003599	63.00	86.52	22.42	344.49
6320.00	42231.54	240.38	0.0003599	63.00	87.11	22.53	344.38
6330.00	42170.00	240.30	0.0003599	63.00	87.70	22.64	344.27
6340.00	42108.46	240.22	0.0003599	63.00	88.30	22.75	344.18
6350.00	42049.17	240.14	0.0003599	63.00	88.95	22.88	344.11
6360.00	41988.18	240.05	0.0003553	63.45	88.52	23.01	344.06
6370.00	41930.00	240.00	0.0003499	63.67	87.56	23.15	344.02
6380.00	41877.27	240.00	0.0003499	63.00	87.45	23.28	344.01
6390.00	41813.85	239.99	0.0003499	63.00	87.39	23.41	344.00
6400.00	41752.31	239.92	0.0003499	63.00	87.99	23.52	344.00
6410.00	41693.33	239.83	0.0003432	63.00	86.95	23.64	344.00
6420.00	41633.08	239.75	0.0003399	62.54	86.73	23.74	344.00
6430.00	41573.85	239.65	0.0003376	62.00	86.94	23.83	344.00
6440.00	41520.00	239.50	0.0003299	62.00	86.28	23.92	344.00
6450.00	41461.67	239.42	0.0003299	62.00	86.94	23.99	344.00
6460.00	41399.09	239.40	0.0003226	61.27	85.05	24.06	344.00
6470.00	41339.17	239.34	0.0003199	61.00	84.74	24.11	344.00
6480.00	41280.00	239.25	0.0003199	60.50	85.46	24.14	344.00
6490.00	41218.18	239.15	0.0003154	60.00	84.99	24.15	343.98
6500.00	41157.14	239.07	0.0003099	60.00	84.16	24.15	343.95
6510.00	41100.00	239.00	0.0003099	60.00	84.70	24.14	343.92
6520.00	41042.86	238.93	0.0003028	59.29	83.27	24.12	343.86
6530.00	40983.08	238.85	0.0002999	59.00	83.04	24.10	343.79
6540.00	40923.85	238.78	0.0002976	59.00	82.97	24.07	343.69
6550.00	40870.00	238.70	0.0002899	59.00	81.40	24.04	343.58
6560.00	40812.86	238.63	0.0002899	59.00	81.92	24.01	343.47
6570.00	40755.71	238.56	0.0002899	59.00	82.45	23.98	343.36
6580.00	40696.67	238.47	0.0002899	59.00	83.15	23.95	343.26
6590.00	40630.00	238.30	0.0002899	59.00	84.53	23.93	343.16
6600.00	40572.86	238.30	0.0002899	59.00	84.41	23.91	343.10
6610.00	40515.71	238.26	0.0002899	59.43	84.69	23.90	343.06
6620.00	40458.75	238.17	0.0002899	60.00	85.33	23.89	343.03
6630.00	40402.50	238.05	0.0002899	60.00	86.39	23.89	343.01
6640.00	40346.67	237.97	0.0002866	60.33	86.05	23.89	343.00
6650.00	40291.11	237.91	0.0002810	60.89	84.79	23.89	343.00
6660.00	40232.00	237.79	0.0002799	61.00	85.43	23.90	343.00
6670.00	40172.00	237.68	0.0002799	61.00	86.37	23.90	343.00
6680.00	40112.00	237.61	0.0002799	61.00	86.87	23.91	343.01
6690.00	40055.00	237.55	0.0002799	61.00	87.35	23.91	343.02
6700.00	39998.33	237.48	0.0002783	61.00	87.34	23.92	343.04
6710.00	39940.00	237.40	0.0002699	61.00	85.39	23.92	343.08
6720.00	39882.86	237.33	0.0002699	60.29	85.94	23.93	343.14
6730.00	39826.25	237.26	0.0002699	60.00	86.44	23.93	343.20
6740.00	39770.00	237.20	0.0002699	60.00	86.92	23.93	343.28
6750.00	39710.00	237.07	0.0002633	60.00	85.89	23.93	343.38
6760.00	39651.43	236.96	0.0002599	60.00	85.65	23.92	343.48
6770.00	39594.29	236.89	0.0002599	60.00	86.20	23.92	343.59
6780.00	39537.14	236.82	0.0002599	60.00	86.76	23.91	343.69
6790.00	39482.67	236.71	0.0002599	60.47	87.76	23.91	343.78
6800.00	39428.00	236.60	0.0002599	61.00	88.67	23.91	343.85
6810.00	39368.00	236.60	0.0002599	61.00	88.54	23.90	343.90
6820.00	39309.17	236.54	0.0002541	61.00	86.97	23.90	343.95
6830.00	39252.73	236.45	0.0002499	61.00	86.26	23.90	343.98
6840.00	39198.18	236.40	0.0002499	61.00	86.67	23.89	343.99
6850.00	39143.64	236.37	0.0002499	60.73	86.81	23.89	344.00
6860.00	39087.69	236.30	0.0002499	60.00	87.39	23.89	344.00
6870.00	39026.15	236.30	0.0002499	60.00	87.25	23.90	343.99
6880.00	38971.54	236.30	0.0002499	60.00	87.13	23.90	343.97
6890.00	38920.00	236.25	0.0002499	60.00	87.50	23.91	343.94
6900.00	38865.38	236.17	0.0002499	60.31	88.16	23.92	343.89
6910.00	38804.29	236.09	0.0002492	61.00	88.59	23.94	343.82
6920.00	38747.14	235.94	0.0002421	61.00	87.30	23.96	343.72
6930.00	38692.31	235.85	0.0002399	61.00	87.35	23.99	343.58
6940.00	38638.46	235.77	0.0002399	61.00	87.98	24.03	343.42
6950.00	38583.33	235.69	0.0002399	61.00	88.64	24.08	343.22
6960.00	38519.09	235.60	0.0002399	60.82	89.38	24.18	342.90
6970.00	38464.62	235.59	0.0002392	60.00	89.04	24.28	342.62
6980.00	38410.77	235.52	0.0002315	60.00	86.80	24.38	342.37
6990.00	38360.00	235.45	0.0002299	59.50	86.75	24.48	342.15
7000.00	38307.50	235.40	0.0002299	59.00	87.11	24.59	341.94
7010.00	38245.00	235.40	0.0002299	59.00	86.97	24.70	341.73
7020.00	38188.00	235.36	0.0002299	59.00	87.23	24.84	341.52
7030.00	38134.37	235.30	0.0002293	58.94	87.46	24.98	341.31
7040.00	38078.12	235.30	0.0002231	58.31	84.95	25.12	341.11
7050.00	38023.33	235.27	0.0002200	58.00	83.95	25.27	340.90
7060.00	37970.00	235.20	0.0002200	58.00	84.47	25.43	340.69
7070.00	37916.15	235.12	0.0002200	58.00	85.08	25.62	340.47
7080.00	37862.31	235.05	0.0002200	57.46	85.69	25.81	340.26
7090.00	37807.14	234.97	0.0002171	57.00	85.16	25.98	340.06
7100.00	37750.00	234.90	0.0002100	57.00	82.91	26.15	339.87
7110.00	37692.86	234.76	0.0002100	57.00	84.13	26.29	339.71
7120.00	37637.69	234.65	0.0002100	57.00	84.98	26.43	339.55
7130.00	37582.86	234.58	0.0002078	57.00	84.70	26.56	339.41
7140.00	37525.72	234.51	0.0002007	57.00	82.33	26.66	339.29
7150.00	37472.35	234.39	0.0002000	57.00	82.98	26.72	339.22
7160.00	37420.00	234.29	0.0002000	57.00	83.87	26.77	339.15
7170.00	37370.00	234.22	0.0002000	57.00	84.35	26.80	339.10
7180.00	37313.08	234.15	0.0002000	57.00	84.90	26.82	339.06
7190.00	37253.85	234.10	0.0002000	57.23	85.29	26.81	339.03
7200.00	37200.00	234.10	0.0002000	58.00	85.16	26.77	339.01
7210.00	37150.00	234.03	0.0002000	58.00	85.74	26.71	339.00
7220.00	37095.71	234.00	0.0002000	58.00	85.89	26.63	339.00
7230.00	37040.00	234.00	0.0002000	58.14	85.76	26.53	339.00
7240.00	36990.00	234.00	0.0002000	58.86	85.65	26.41	339.00
7250.00	36934.29	234.00	0.0002000	59.00	85.52	26.27	339.00
7260.00	36878.67	234.00	0.0002000	58.73	85.39	26.13	339.00
7270.00	36825.33	234.00	0.0002000	58.07	85.27	25.99	338.99
7280.00	36768.57	233.94	0.0002000	58.00	85.76	25.83	338.98
7290.00	36715.00	233.83	0.0002000	58.00	86.69	25.67	338.95
7300.00	36664.67	233.69	0.0001993	58.00	87.61	25.51	338.92
7310.00	36611.33	233.63	0.0001926	58.00	85.19	25.36	338.86
7320.00	36558.00	233.60	0.0001900	57.60	84.15	25.21	338.78
7330.00	36504.62	233.60	0.0001900	57.00	84.03	25.07	338.68
7340.00	36450.77	233.60	0.0001900	57.00	83.91	24.92	338.53
7350.00	36396.92	233.54	0.0001900	57.00	84.37	24.78	338.34
7360.00	36343.08	233.50	0.0001900	57.38	84.62	24.65	338.12
7370.00	36289.23	233.52	0.0001915	58.00	85.02	24.53	337.88
7380.00	36235.38	233.59	0.0001992	58.00	87.54	24.43	337.61
7390.00	36185.00	233.54	0.0001935	58.00	85.47	24.35	337.35
7400.00	36131.88	233.44	0.0001900	57.69	84.73	24.28	337.11
7410.00	36075.63	233.31	0.0001900	57.06	85.81	24.22	336.89
7420.00	36027.65	233.25	0.0001900	57.00	86.34	24.17	336.68
7430.00	35978.57	233.19	0.0001900	57.00	86.83	24.13	336.47
7440.00	35921.43	233.11	0.0001900	57.00	87.40	24.08	336.25
7450.00	35866.92	233.04	0.0001838	57.00	85.16	24.03	336.03
7460.00	35813.08	232.92	0.0001800	57.00	84.38	23.99	335.82
7470.00	35760.77	232.78	0.0001800	57.00	85.60	23.95	335.63
7480.00	35714.62	232.71	0.0001800	57.00	86.24	23.91	335.47
7490.00	35660.91	232.62	0.0001800	57.82	87.00	23.87	335.32
7500.00	35603.33	232.53	0.0001800	58.00	87.71	23.84	335.20
7510.00	35550.00	232.46	0.0001800	57.57	88.35	23.80	335.13
7520.00	35500.00	232.38	0.0001783	57.00	88.15	23.77	335.07
7530.00	35450.00	232.30	0.0001700	57.00	84.73	23.74	335.03
7540.00	35395.45	232.21	0.0001700	57.00	85.49	23.72	335.01
7550.00	35340.91	232.12	0.0001700	57.00	86.25	23.70	334.99
7560.00	35290.00	232.04	0.0001700	57.00	86.88	23.69	334.98
7570.00	35240.00	231.97	0.0001700	57.00	87.48	23.70	334.95
7580.00	35190.00	231.90	0.0001700	57.00	88.08	23.71	334.92
7590.00	35136.67	231.83	0.0001633	57.00	85.14	23.73	334.86
7600.00	35085.00	231.76	0.0001600	57.00	84.01	23.76	334.79
7610.00	35035.00	231.67	0.0001600	56.75	84.71	23.82	334.68
7620.00	34984.29	231.59	0.0001600	56.00	85.46	23.88	334.55
7630.00	34927.14	231.44	0.0001600	56.00	86.75	23.96	334.42
7640.00	34875.00	231.36	0.0001561	56.00	85.31	24.03	334.31
7650.00	34825.00	231.31	0.0001505	56.00	82.69	24.10	334.20
7660.00	34775.00	231.20	0.0001500	55.50	83.29	24.18	334.09
7670.00	34725.00	231.09	0.0001500	55.00	84.20	24.26	333.98
7680.00	34675.00	231.03	0.0001500	55.00	84.70	24.36	333.85
7690.00	34623.33	230.97	0.0001500	55.00	85.21	24.48	333.73
7700.00	34570.00	230.90	0.0001500	55.00	85.74	24.60	333.60
7710.00	34516.15	230.75	0.0001423	55.00	82.67	24.75	333.46
7720.00	34470.83	230.58	0.0001400	55.00	82.80	24.91	333.33
7730.00	34422.73	230.50	0.0001400	54.55	83.49	25.09	333.22
7740.00	34370.00	230.47	0.0001400	54.00	83.69	25.28	333.13
7750.00	34319.23	230.38	0.0001400	54.00	84.37	25.44	333.07
7760.00	34265.39	230.31	0.0001400	54.00	85.00	25.60	333.03
7770.00	34215.00	230.22	0.0001400	54.00	85.71	25.75	333.01
7780.00	34165.00	230.08	0.0001341	54.00	83.36	25.90	333.00
7790.00	34115.00	229.96	0.0001300	54.42	81.88	26.03	333.00
7800.00	34063.85	229.88	0.0001300	55.00	82.54	26.15	333.00
7810.00	34010.00	229.80	0.0001300	55.00	83.16	26.24	333.00
7820.00	33963.85	229.65	0.0001300	55.00	84.57	26.32	333.00
7830.00	33908.00	229.60	0.0001300	54.30	84.88	26.38	333.00
7840.00	33858.18	229.54	0.0001300	54.00	85.40	26.42	333.00
7850.00	33812.31	229.45	0.0001254	54.00	83.04	26.43	333.02
7860.00	33764.00	229.36	0.0001200	54.00	80.27	26.43	333.04
7870.00	33710.67	229.23	0.0001200	54.00	81.41	26.41	333.07
7880.00	33660.00	229.09	0.0001200	54.00	82.66	26.37	333.12
7890.00	33610.00	228.97	0.0001200	54.00	83.66	26.33	333.19
7900.00	33560.00	228.90	0.0001200	54.00	84.25	26.28	333.28
7910.00	33510.00	228.76	0.0001200	54.00	85.56	26.22	333.38
7920.00	33457.27	228.65	0.0001200	54.55	86.57	26.15	333.50
7930.00	33409.17	228.60	0.0001200	55.00	86.91	26.08	333.63
7940.00	33363.85	228.55	0.0001200	55.00	87.28	26.01	333.74
7950.00	33310.00	228.40	0.0001200	55.00	88.74	25.95	333.84
7960.00	33260.00	228.30	0.0001200	56.00	89.67	25.88	333.92
7970.00	33205.45	228.30	0.0001200	56.00	89.52	25.83	333.96
7980.00	33155.00	228.24	0.0001200	56.64	90.08	25.80	333.98
7990.00	33108.57	228.13	0.0001200	57.00	91.11	25.78	334.00
8000.00	33065.00	227.99	0.0001200	57.08	92.49	25.76	334.01
8010.00	33015.00	227.91	0.0001200	57.92	93.28	25.75	334.03
8020.00	32965.00	227.81	0.0001200	58.00	94.24	25.75	334.07
8030.00	32915.00	227.72	0.0001200	58.75	95.06	25.76	334.14
8040.00	32862.67	227.65	0.0001200	59.00	95.73	25.76	334.22
8050.00	32811.43	227.57	0.0001186	59.00	95.36	25.77	334.30
8060.00	32768.57	227.43	0.0001114	59.00	91.04	25.78	334.40
8070.00	32720.00	227.33	0.0001100	59.67	90.80	25.79	334.53
8080.00	32670.00	227.24	0.0001100	60.00	91.68	25.79	334.66
8090.00	32620.00	227.08	0.0001100	60.00	93.33	25.79	334.79
8100.00	32570.00	227.00	0.0001100	60.00	94.09	25.79	334.88
8110.00	32521.54	226.97	0.0001100	60.00	94.30	25.78	334.94
8120.00	32474.28	226.89	0.0001100	59.93	95.03	25.77	334.98
8130.00	32417.14	226.82	0.0001100	59.21	95.69	25.75	335.01
8140.00	32367.33	226.71	0.0001100	59.00	96.88	25.73	335.05
8150.00	32321.43	226.57	0.0001086	59.00	97.04	25.72	335.09
8160.00	32278.57	226.43	0.0001014	59.00	92.11	25.70	335.15
8170.00	32226.92	226.34	0.0001000	59.00	91.69	25.68	335.26
8180.00	32178.57	226.30	0.0001000	59.36	91.98	25.67	335.38
8190.00	32134.61	226.29	0.0001000	60.00	91.94	25.65	335.52
8200.00	32080.77	226.22	0.0001000	60.00	92.65	25.64	335.70
8210.00	32030.00	226.12	0.0001000	60.00	93.58	25.63	335.95
8220.00	31983.64	226.03	0.0001000	59.27	94.51	25.63	336.19
8230.00	31935.00	226.00	0.0001000	59.00	94.68	25.63	336.40
8240.00	31886.67	225.97	0.0001000	59.00	94.92	25.63	336.56
8250.00	31840.00	225.90	0.0001000	59.00	95.56	25.63	336.69
8260.00	31793.85	225.75	0.0001000	59.00	97.23	25.63	336.79
8270.00	31747.69	225.65	0.0001000	58.46	98.28	25.62	336.86
8280.00	31698.18	225.56	0.0000964	58.00	95.49	25.61	336.89
8290.00	31645.00	225.47	0.0000900	58.00	90.09	25.58	336.87
8300.00	31596.36	225.40	0.0000900	58.00	90.72	25.54	336.79
8310.00	31550.00	225.37	0.0000900	58.00	90.96	25.50	336.66
8320.00	31500.00	225.20	0.0000900	58.00	92.69	25.45	336.49
8330.00	31454.55	225.20	0.0000900	57.09	92.56	25.38	336.26
8340.00	31405.00	225.02	0.0000900	57.00	94.48	25.30	335.96
8350.00	31355.00	224.91	0.0000900	56.10	95.61	25.21	335.61
8360.00	31315.38	224.90	0.0000831	55.31	88.26	25.15	335.31
8370.00	31270.00	224.86	0.0000800	54.57	85.31	25.10	335.03
8380.00	31220.00	224.78	0.0000800	54.00	85.95	25.05	334.75
8390.00	31170.00	224.70	0.0000800	54.00	86.70	25.01	334.44
8400.00	31123.85	224.62	0.0000800	53.23	87.40	24.99	334.16
8410.00	31077.33	224.51	0.0000800	52.53	88.54	24.99	333.93
8420.00	31030.59	224.39	0.0000800	52.00	89.70	25.00	333.74
8430.00	30983.53	224.33	0.0000800	52.00	90.22	25.03	333.58
8440.00	30935.00	224.23	0.0000764	51.64	87.08	25.07	333.44
8450.00	30885.00	224.10	0.0000700	51.00	80.96	25.13	333.29
8460.00	30835.45	224.09	0.0000700	51.00	80.92	25.24	333.16
8470.00	30790.00	224.00	0.0000700	51.00	81.72	25.38	333.08
8480.00	30743.85	223.92	0.0000700	50.23	82.38	25.51	333.04
8490.00	30700.00	223.80	0.0000700	50.00	83.53	25.65	333.02
8500.00	30654.00	223.68	0.0000700	50.20	84.66	25.79	333.01
8510.00	30600.67	223.61	0.0000700	50.87	85.21	25.93	333.00
8520.00	30558.00	223.49	0.0000700	51.00	86.38	26.07	333.00
8530.00	30515.00	223.38	0.0000700	51.00	87.50	26.22	333.00
8540.00	30465.00	223.31	0.0000700	51.00	88.14	26.37	333.01
8550.00	30418.00	223.18	0.0000700	51.60	89.42	26.51	333.02
8560.00	30370.00	223.07	0.0000700	52.00	90.55	26.66	333.05
8570.00	30322.31	222.98	0.0000700	52.00	91.34	26.82	333.09
8580.00	30283.84	222.91	0.0000700	52.00	92.11	26.96	333.16
8590.00	30231.54	222.90	0.0000700	52.69	92.03	27.09	333.25
8600.00	30182.73	222.85	0.0000700	53.00	92.52	27.22	333.36
8610.00	30137.27	222.75	0.0000700	53.00	93.44	27.34	333.50
8620.00	30091.82	222.66	0.0000700	53.00	94.37	27.45	333.65
8630.00	30047.50	222.58	0.0000700	53.00	95.28	27.54	333.80
8640.00	30005.00	222.49	0.0000692	53.00	95.00	27.62	333.94
8650.00	29955.00	222.41	0.0000608	53.00	84.29	27.70	334.07
8660.00	29908.46	222.26	0.0000600	53.69	84.57	27.76	334.20
8670.00	29864.28	222.16	0.0000600	54.00	85.56	27.82	334.32
8680.00	29820.00	222.08	0.0000600	54.00	86.33	27.87	334.44
8690.00	29770.00	221.95	0.0000600	54.00	87.56	27.92	334.54
8700.00	29726.00	221.82	0.0000600	54.40	88.88	27.97	334.65
8710.00	29684.67	221.69	0.0000600	55.00	90.27	28.02	334.77
8720.00	29631.33	221.55	0.0000600	55.00	91.64	28.08	334.88
8730.00	29586.00	221.50	0.0000600	55.00	92.12	28.14	334.99
8740.00	29545.45	221.49	0.0000600	55.00	92.10	28.20	335.10
8750.00	29500.00	221.40	0.0000600	55.00	93.03	28.28	335.25
8760.00	29450.00	221.40	0.0000600	55.00	92.87	28.37	335.42
8770.00	29405.46	221.29	0.0000600	55.09	94.03	28.47	335.58
8780.00	29360.00	221.20	0.0000600	56.00	94.97	28.56	335.69
8790.00	29318.33	221.03	0.0000600	56.00	96.88	28.64	335.75
8800.00	29273.08	220.94	0.0000600	56.00	97.90	28.70	335.76
8810.00	29226.92	220.86	0.0000600	56.38	98.72	28.77	335.73
8820.00	29181.43	220.79	0.0000600	57.00	99.52	28.83	335.67
8830.00	29138.57	220.71	0.0000600	57.00	100.29	28.88	335.58
8840.00	29093.64	220.63	0.0000600	57.73	101.25	28.93	335.46
8850.00	29045.00	220.53	0.0000600	58.00	102.35	28.98	335.32
8860.00	29002.00	220.43	0.0000600	58.00	103.52	29.01	335.19
8870.00	28955.00	220.40	0.0000600	58.00	103.75	29.03	335.10
8880.00	28908.18	220.34	0.0000600	58.00	104.43	29.04	335.05
8890.00	28866.00	220.22	0.0000600	58.00	105.86	29.04	335.02
8900.00	28825.33	220.09	0.0000593	57.93	106.23	29.03	335.01
8910.00	28778.67	220.03	0.0000527	57.27	94.93	29.01	335.00
8920.00	28732.73	219.89	0.0000500	57.00	91.61	28.98	335.00
8930.00	28687.27	219.75	0.0000500	57.00	93.08	28.93	335.00
8940.00	28644.00	219.70	0.0000500	57.00	93.60	28.88	335.00
8950.00	28602.22	219.70	0.0000500	57.00	93.46	28.81	335.00
8960.00	28552.22	219.64	0.0000500	57.56	93.97	28.74	335.00
8970.00	28506.00	219.60	0.0000500	58.00	94.36	28.67	335.00
8980.00	28466.00	219.54	0.0000500	58.60	94.96	28.62	335.02
8990.00	28422.73	219.45	0.0000500	59.55	95.98	28.57	335.06
9000.00	28377.27	219.40	0.0000500	60.45	96.39	28.55	335.12
9010.00	28331.82	219.36	0.0000536	61.36	103.78	28.54	335.21
9020.00	28286.67	219.27	0.0000600	62.33	117.31	28.54	335.34
9030.00	28244.00	219.16	0.0000600	63.40	118.77	28.58	335.54
9040.00	28202.22	219.10	0.0000600	64.44	119.52	28.64	335.76
9050.00	28157.78	219.04	0.0000600	65.00	120.20	28.72	336.02
9060.00	28116.00	219.00	0.0000600	65.60	120.71	28.83	336.26
9070.00	28070.00	219.00	0.0000600	66.00	120.52	28.94	336.49
9080.00	28022.31	218.95	0.0000600	65.54	121.04	29.05	336.68
9090.00	27978.75	218.92	0.0000600	64.81	121.40	29.14	336.84
9100.00	27941.25	218.98	0.0000600	64.19	120.26	29.22	336.97
9110.00	27897.69	219.00	0.0000546	62.92	109.04	29.32	337.11
9120.00	27851.82	218.96	0.0000500	61.27	100.12	29.43	337.27
9130.00	27806.67	218.90	0.0000500	59.67	100.79	29.55	337.45
9140.00	27764.00	218.86	0.0000500	58.60	101.16	29.68	337.63
9150.00	27721.82	218.80	0.0000500	57.27	101.80	29.78	337.75
9160.00	27676.36	218.80	0.0000500	55.73	101.63	29.87	337.82
9170.00	27630.91	218.80	0.0000500	54.64	101.47	29.95	337.83
9180.00	27586.00	218.80	0.0000490	52.90	99.28	30.02	337.80
9190.00	27546.00	218.80	0.0000400	51.90	80.93	30.10	337.70
9200.00	27506.00	218.79	0.0000400	50.80	80.91	30.16	337.56
9210.00	27465.83	218.69	0.0000400	48.92	81.84	30.22	337.41
9220.00	27424.17	218.61	0.0000400	48.08	82.61	30.27	337.29
9230.00	27375.00	218.53	0.0000400	47.25	83.36	30.31	337.18
9240.00	27330.83	218.50	0.0000400	46.42	83.50	30.35	337.09
9250.00	27289.17	218.46	0.0000400	45.58	83.83	30.38	337.01
9260.00	27246.67	218.40	0.0000400	44.67	84.34	30.41	336.92
9270.00	27204.00	218.36	0.0000400	43.60	84.65	30.44	336.80
9280.00	27164.00	218.26	0.0000360	42.60	77.01	30.45	336.66
9290.00	27124.00	218.20	0.0000300	42.00	64.64	30.45	336.51
9300.00	27080.00	218.16	0.0000300	41.60	64.87	30.44	336.37
9310.00	27034.00	218.06	0.0000300	40.60	65.62	30.42	336.23
9320.00	26992.22	217.96	0.0000300	40.00	66.42	30.39	336.12
9330.00	26950.00	217.85	0.0000300	39.50	67.24	30.34	336.04
9340.00	26910.00	217.75	0.0000300	39.00	68.03	30.29	335.96
9350.00	26870.00	217.70	0.0000300	39.00	68.38	30.22	335.88
9360.00	26825.00	217.65	0.0000300	38.50	68.72	30.16	335.78
9370.00	26777.78	217.54	0.0000300	38.00	69.56	30.08	335.64
9380.00	26736.00	217.50	0.0000300	38.00	69.86	30.01	335.49
9390.00	26698.18	217.45	0.0000300	37.45	70.26	29.94	335.35
9400.00	26659.17	217.36	0.0000300	37.00	70.97	29.88	335.23
9410.00	26616.15	217.28	0.0000300	37.00	71.62	29.82	335.13
9420.00	26570.00	217.20	0.0000300	37.00	72.23	29.77	335.05
9430.00	26533.64	217.20	0.0000300	36.09	72.13	29.70	334.96
9440.00	26485.00	217.20	0.0000300	36.00	72.00	29.63	334.86
9450.00	26453.00	217.11	0.0000300	36.00	72.77	29.56	334.73
9460.00	26410.00	217.10	0.0000300	35.00	72.75	29.48	334.58
9470.00	26370.00	217.00	0.0000300	35.00	73.61	29.41	334.43
9480.00	26320.00	216.90	0.0000200	35.00	49.63	29.33	334.27
9490.00	26285.00	216.79	0.0000200	34.90	50.30	29.23	334.12
9500.00	26236.00	216.70	0.0000200	34.00	50.81	29.14	333.99
9510.00	26196.00	216.69	0.0000200	34.00	50.80	29.04	333.86
9520.00	26155.46	216.60	0.0000200	33.91	51.33	28.93	333.72
9530.00	26110.00	216.60	0.0000200	33.00	51.24	28.83	333.58
9540.00	26076.67	216.68	0.0000200	33.00	50.61	28.74	333.45
9550.00	26036.67	216.70	0.0000200	33.00	50.42	28.65	333.31
9560.00	25994.29	216.70	0.0000200	32.57	50.34	28.57	333.18
9570.00	25951.43	216.70	0.0000200	32.00	50.25	28.50	333.06
9580.00	25908.57	216.70	0.0000200	32.00	50.17	28.44	332.95
9590.00	25865.71	216.59	0.0000200	31.43	50.86	28.38	332.82
9600.00	25824.61	216.47	0.0000200	31.00	51.57	28.32	332.69
9610.00	25786.00	216.40	0.0000200	31.00	51.97	28.28	332.53
9620.00	25746.00	216.39	0.0000200	31.00	51.96	28.24	332.32
9630.00	25705.56	216.30	0.0000200	31.00	52.50	28.22	332.08
9640.00	25664.00	216.30	0.0000200	30.80	52.42	28.22	331.79
9650.00	25631.11	216.28	0.0000200	30.00	52.51	28.25	331.50
9660.00	25586.36	216.17	0.0000200	30.00	53.16	28.30	331.17
9670.00	25542.31	216.10	0.0000200	30.00	53.58	28.35	330.87
9680.00	25503.85	216.10	0.0000200	30.00	53.50	28.40	330.59
9690.00	25461.43	216.10	0.0000200	30.00	53.41	28.44	330.32
9700.00	25420.00	216.13	0.0000200	30.00	53.09	28.49	330.05
9710.00	25380.00	216.20	0.0000200	30.00	52.53	28.53	329.79
9720.00	25344.29	216.20	0.0000200	29.29	52.46	28.57	329.51
9730.00	25306.00	216.20	0.0000200	29.00	52.38	28.60	329.23
9740.00	25266.00	216.20	0.0000200	29.00	52.30	28.62	328.96
9750.00	25226.00	216.20	0.0000200	29.00	52.22	28.63	328.69
9760.00	25188.57	216.24	0.0000200	28.57	51.84	28.62	328.40
9770.00	25150.77	216.30	0.0000200	28.00	51.37	28.60	328.09
9780.00	25104.62	216.30	0.0000200	28.00	51.27	28.56	327.76
9790.00	25067.27	216.30	0.0000200	28.00	51.20	28.49	327.37
9800.00	25024.44	216.21	0.0000200	28.00	51.72	28.37	326.91
9810.00	24990.00	216.20	0.0000200	27.25	51.73	28.24	326.56
9820.00	24948.18	216.33	0.0000200	27.00	50.78	28.08	326.21
9830.00	24910.00	216.53	0.0000200	26.33	49.32	27.87	325.83
9840.00	24872.00	216.74	0.0000200	26.00	47.91	27.64	325.46
9850.00	24832.00	216.87	0.0000200	26.00	47.01	27.39	325.12
9860.00	24792.00	216.83	0.0000200	26.00	47.19	27.13	324.78
9870.00	24754.55	216.74	0.0000200	25.36	47.71	26.88	324.48
9880.00	24716.00	216.64	0.0000200	25.00	48.25	26.62	324.15
9890.00	24676.00	216.72	0.0000200	25.00	47.66	26.35	323.82
9900.00	24636.00	216.98	0.0000200	24.40	45.98	26.09	323.49
9910.00	24596.00	217.10	0.0000200	24.00	45.17	25.85	323.17
9920.00	24553.33	217.10	0.0000200	23.33	45.09	25.60	322.85
9930.00	24520.91	217.10	0.0000200	23.00	45.03	25.39	322.58
9940.00	24480.00	217.10	0.0000200	22.40	44.96	25.20	322.34
9950.00	24438.18	217.21	0.0000200	22.00	44.24	25.02	322.12
9960.00	24401.82	217.30	0.0000200	22.00	43.64	24.87	321.92
9970.00	24366.67	217.27	0.0000200	21.67	43.77	24.72	321.74
9980.00	24330.00	217.22	0.0000200	21.00	43.98	24.58	321.58
9990.00	24284.55	217.32	0.0000200	20.82	43.33	24.42	321.41
10000.00	24255.46	217.42	0.0000200	19.91	42.71	24.27	321.27
10010.00	24210.00	217.60	0.0000200	19.00	41.62	24.12	321.16
10020.00	24174.29	217.60	0.0000200	19.00	41.56	23.99	321.10
10030.00	24136.92	217.60	0.0000200	18.54	41.49	23.85	321.06
10040.00	24099.09	217.57	0.0000200	18.00	41.58	23.69	321.03
10050.00	24061.67	217.50	0.0000183	17.83	38.43	23.50	321.01
10060.00	24020.00	217.50	0.0000100	17.00	20.92	23.31	321.00
10070.00	23986.67	217.58	0.0000100	17.00	20.66	23.11	321.00
10080.00	23948.00	217.60	0.0000100	17.00	20.58	22.86	321.00
10090.00	23913.33	217.69	0.0000100	16.11	20.32	22.57	321.03
10100.00	23874.00	217.61	0.0000100	16.00	20.49	22.29	321.07
10110.00	23837.86	217.60	0.0000100	16.00	20.49	22.09	321.13
10120.00	23798.57	217.64	0.0000100	15.64	20.36	21.89	321.21
10130.00	23756.67	217.70	0.0000100	15.00	20.15	21.70	321.31
10140.00	23723.33	217.70	0.0000100	15.00	20.12	21.52	321.44
10150.00	23686.00	217.70	0.0000100	15.00	20.09	21.35	321.60
10160.00	23646.67	217.69	0.0000100	15.00	20.08	21.19	321.77
10170.00	23613.33	217.61	0.0000100	15.00	20.27	21.00	322.04
10180.00	23580.00	217.60	0.0000100	14.00	20.27	20.78	322.43
10190.00	23536.67	217.50	0.0000100	14.00	20.50	20.59	322.89
10200.00	23502.73	217.52	0.0000100	14.00	20.42	20.45	323.37
10210.00	23465.83	217.61	0.0000100	13.92	20.15	20.34	323.79
10220.00	23424.17	217.69	0.0000100	13.08	19.89	20.27	324.18
10230.00	23387.27	217.78	0.0000100	13.00	19.63	20.22	324.60
10240.00	23356.00	217.96	0.0000100	13.00	19.15	20.18	325.04
10250.00	23318.00	218.08	0.0000100	13.00	18.82	20.16	325.46
10260.00	23278.00	218.10	0.0000100	12.20	18.74	20.16	325.84
10270.00	23240.91	218.10	0.0000100	12.00	18.71	20.18	326.15
10280.00	23209.00	218.17	0.0000100	12.00	18.51	20.22	326.42
10290.00	23172.00	218.20	0.0000100	12.00	18.41	20.27	326.65
10300.00	23132.00	218.20	0.0000100	11.30	18.38	20.33	326.86
10310.00	23094.55	218.14	0.0000100	11.00	18.50	20.40	327.02
10320.00	23063.64	218.10	0.0000100	11.00	18.56	20.48	327.18
10330.00	23030.00	218.20	0.0000100	11.00	18.30	20.58	327.34
10340.00	22990.00	218.40	0.0000100	10.50	17.79	20.69	327.50
10350.00	22951.82	218.59	0.0000100	10.00	17.33	20.81	327.64
10360.00	22918.00	218.74	0.0000100	10.00	16.97	20.94	327.75
10370.00	22885.45	218.84	0.0000100	10.00	16.73	21.08	327.82
10380.00	22849.09	218.90	0.0000100	9.73	16.56	21.22	327.83
10390.00	22812.00	218.92	0.0000100	9.00	16.50	21.36	327.77
10400.00	22774.00	219.00	0.0000100	9.00	16.30	21.52	327.63
10410.00	22742.00	219.02	0.0000100	9.00	16.23	21.67	327.44
10420.00	22704.00	219.10	0.0000100	8.80	16.04	21.81	327.19
10430.00	22672.73	219.08	0.0000100	8.00	16.05	21.94	326.90
10440.00	22636.00	219.00	0.0000100	8.00	16.20	22.03	326.60
10450.00	22597.00	219.01	0.0000100	8.00	16.15	22.11	326.27
10460.00	22565.56	219.09	0.0000100	8.00	15.96	22.16	325.90
10470.00	22524.55	219.00	0.0000100	7.82	16.12	22.17	325.48
10480.00	22496.00	219.00	0.0000100	7.00	16.10	22.14	325.10
10490.00	22456.36	219.01	0.0000100	7.00	16.05	22.07	324.67
10500.00	22420.00	219.10	0.0000100	7.00	15.84	21.97	324.25
10510.00	22392.73	219.28	0.0000100	7.00	15.45	21.83	323.83
10520.00	22352.50	219.75	0.0000100	7.00	14.52	21.67	323.45
10530.00	22316.67	220.19	0.0000100	7.00	13.70	21.50	323.07
10540.00	22283.33	220.44	0.0000100	6.58	13.24	21.30	322.72
10550.00	22249.09	220.53	0.0000100	6.00	13.07	21.09	322.37
10560.00	22214.55	220.62	0.0000100	6.00	12.90	20.85	322.02
10570.00	22186.00	220.71	0.0000100	6.00	12.73	20.61	321.68
10580.00	22147.00	220.79	0.0000100	6.00	12.58	20.35	321.34
10590.00	22116.36	220.70	0.0000100	5.91	12.71	20.10	321.03
10600.00	22080.00	220.70	0.0000100	5.00	12.69	19.90	320.76
10610.00	22040.00	220.80	0.0000100	5.00	12.51	19.70	320.52
10620.00	22012.73	220.80	0.0000100	5.00	12.49	19.55	320.34
10630.00	21974.00	220.80	0.0000100	5.00	12.47	19.42	320.19
10640.00	21943.00	220.80	0.0000100	5.00	12.45	19.33	320.09
10650.00	21907.27	220.88	0.0000100	5.00	12.30	19.27	320.04
10660.00	21876.00	220.98	0.0000100	4.20	12.13	19.23	320.01
10670.00	21838.00	221.00	0.0000100	4.00	12.08	19.22	320.00
10680.00	21806.00	221.08	0.0000100	4.00	11.94	19.23	320.01
10690.00	21773.33	221.19	0.0000100	4.00	11.76	19.25	320.03
10700.00	21737.27	221.28	0.0000100	4.00	11.60	19.28	320.07
10710.00	21703.33	221.30	0.0000100	4.00	11.55	19.32	320.15
10720.00	21670.00	221.40	0.0000100	4.00	11.39	19.37	320.28
10730.00	21637.27	221.50	0.0000100	4.00	11.23	19.41	320.45
10740.00	21610.00	221.50	0.0000100	4.00	11.21	19.45	320.61
10750.00	21573.64	221.50	0.0000100	4.00	11.20	19.48	320.78
10760.00	21540.00	221.40	0.0000100	4.00	11.32	19.52	321.00
10770.00	21506.36	221.40	0.0000100	3.00	11.30	19.56	321.22
10780.00	21470.00	221.40	0.0000100	3.00	11.28	19.59	321.39
10790.00	21442.73	221.49	0.0000100	3.00	11.14	19.62	321.55
10800.00	21407.27	221.50	0.0000018	3.00	2.02	19.65	321.69
10810.00	21378.18	221.57	0.0000000	3.00	0.00	19.68	321.81
10820.00	21342.00	221.60	0.0000000	3.00	0.00	19.71	321.90
10830.00	21310.91	221.60	0.0000000	3.00	0.00	19.74	321.95
10840.00	21276.00	221.54	0.0000000	3.00	0.00	19.76	321.98
10850.00	21242.00	221.44	0.0000000	3.00	0.00	19.77	321.99
10860.00	21212.00	221.40	0.0000000	3.00	0.00	19.76	321.98
10870.00	21182.00	221.40	0.0000000	3.00	0.00	19.74	321.94
10880.00	21143.33	221.47	0.0000000	3.00	0.00	19.70	321.87
10890.00	21109.00	221.57	0.0000000	3.00	0.00	19.63	321.75
10900.00	21079.00	221.60	0.0000000	3.00	0.00	19.54	321.60
10910.00	21049.00	221.60	0.0000000	3.00	0.00	19.43	321.41
10920.00	21012.00	221.60	0.0000000	2.30	0.00	19.29	321.19
10930.00	20980.91	221.60	0.0000000	2.00	0.00	19.14	320.96
10940.00	20953.64	221.60	0.0000000	2.00	0.00	18.97	320.72
10950.00	20917.78	221.66	0.0000000	2.00	0.00	18.76	320.44
10960.00	20882.00	221.76	0.0000000	2.00	0.00	18.54	320.12
10970.00	20855.00	221.90	0.0000000	2.00	0.00	18.33	319.84
10980.00	20824.61	222.00	0.0000000	2.00	0.00	18.14	319.57
10990.00	20786.87	222.01	0.0000000	2.00	0.00	17.97	319.32
11000.00	20755.62	222.07	0.0000000	2.00	0.00	17.83	319.09
11010.00	20723.33	222.13	0.0000000	2.00	0.00	17.69	318.84
11020.00	20690.00	222.20	0.0000000	2.00	0.00	17.54	318.58
11030.00	20662.73	222.20	0.0000000	2.00	0.00	17.37	318.20
11040.00	20630.00	222.28	0.0000000	2.00	0.00	17.22	317.83
11050.00	20600.00	222.25	0.0000000	2.00	0.00	17.10	317.49
11060.00	20569.29	222.18	0.0000000	2.00	0.00	17.00	317.16
11070.00	20533.57	222.11	0.0000000	2.00	0.00	16.91	316.83
11080.00	20500.00	222.10	0.0000000	2.00	0.00	16.82	316.46
11090.00	20470.91	222.10	0.0000000	2.00	0.00	16.75	316.10
11100.00	20442.00	222.04	0.0000000	2.00	0.00	16.69	315.75
11110.00	20412.00	221.94	0.0000000	2.00	0.00	16.64	315.47
11120.00	20378.18	221.85	0.0000000	2.00	0.00	16.61	315.27
11130.00	20345.00	221.80	0.0000000	2.00	0.00	16.58	315.14
11140.00	20313.33	221.74	0.0000000	2.00	0.00	16.56	315.08
11150.00	20286.67	221.63	0.0000000	2.00	0.00	16.53	315.08
11160.00	20256.67	221.52	0.0000000	2.00	0.00	16.51	315.17
11170.00	20226.00	221.50	0.0000000	2.00	0.00	16.48	315.33
11180.00	20193.33	221.59	0.0000000	2.00	0.00	16.45	315.59
11190.00	20160.00	221.70	0.0000000	2.00	0.00	16.42	315.96
11200.00	20127.00	221.81	0.0000000	2.00	0.00	16.38	316.44
11210.00	20096.67	221.90	0.0000000	2.00	0.00	16.35	316.95
11220.00	20064.00	221.90	0.0000000	2.00	0.00	16.32	317.57
11230.00	20034.00	221.90	0.0000000	2.00	0.00	16.29	318.18
11240.00	20004.55	221.88	0.0000000	2.00	0.00	16.28	318.80
11250.00	19977.00	221.80	0.0000000	2.00	0.00	16.26	319.42
11260.00	19947.00	221.81	0.0000000	2.00	0.00	16.26	320.09
11270.00	19916.67	221.91	0.0000000	2.00	0.00	16.26	320.79
11280.00	19883.33	222.02	0.0000000	2.00	0.00	16.28	321.57
11290.00	19851.00	222.13	0.0000000	2.00	0.00	16.31	322.32
11300.00	19821.00	222.20	0.0000000	2.00	0.00	16.34	322.97
11310.00	19791.00	222.20	0.0000000	2.00	0.00	16.39	323.57
11320.00	19760.00	222.23	0.0000000	2.00	0.00	16.45	324.10
11330.00	19728.00	222.30	0.0000000	2.00	0.00	16.52	324.53
11340.00	19696.67	222.26	0.0000000	2.00	0.00	16.60	324.82
11350.00	19668.89	222.20	0.0000000	2.00	0.00	16.69	324.99
11360.00	19642.00	222.20	0.0000000	2.00	0.00	16.78	325.01
11370.00	19612.00	222.20	0.0000000	2.00	0.00	16.87	324.91
11380.00	19582.00	222.26	0.0000000	1.40	0.00	16.95	324.70
11390.00	19552.00	222.30	0.0000000	1.00	0.00	17.02	324.37
11400.00	19520.00	222.30	0.0000000	1.00	0.00	17.10	323.92
11410.00	19489.00	222.37	0.0000000	1.00	0.00	17.15	323.41
11420.00	19460.91	222.46	0.0000000	1.00	0.00	17.19	322.90
11430.00	19431.54	222.55	0.0000000	1.00	0.00	17.21	322.45
11440.00	19400.00	222.64	0.0000000	1.00	0.00	17.22	322.06
11450.00	19366.67	222.77	0.0000000	1.00	0.00	17.22	321.72
11460.00	19340.00	222.87	0.0000000	1.00	0.00	17.21	321.35
11470.00	19312.00	222.96	0.0000000	1.00	0.00	17.18	320.98
11480.00	19280.00	223.00	0.0000000	1.00	0.00	17.13	320.68
11490.00	19249.09	223.00	0.0000000	1.00	0.00	17.07	320.46
11500.00	19220.00	223.03	0.0000000	1.00	0.00	16.98	320.27
11510.00	19188.00	223.10	0.0000000	1.00	0.00	16.87	320.13
11520.00	19158.00	223.10	0.0000000	1.00	0.00	16.76	320.06
11530.00	19132.00	223.10	0.0000000	1.00	0.00	16.63	320.02
11540.00	19106.67	223.06	0.0000000	1.00	0.00	16.49	319.98
11550.00	19075.00	223.00	0.0000000	1.00	0.00	16.35	319.93
11560.00	19043.33	223.06	0.0000000	1.00	0.00	16.20	319.82
11570.00	19016.67	223.17	0.0000000	1.00	0.00	16.05	319.61
11580.00	18989.00	223.20	0.0000000	1.00	0.00	15.91	319.30
11590.00	18953.75	223.20	0.0000000	1.00	0.00	15.76	318.80
11600.00	18930.00	223.20	0.0000000	1.00	0.00	15.62	318.17
11610.00	18900.00	223.20	0.0000000	1.00	0.00	15.51	317.48
11620.00	18872.73	223.20	0.0000000	1.00	0.00	15.42	316.79
11630.00	18840.00	223.20	0.0000000	1.00	0.00	15.31	315.89
11640.00	18817.00	223.30	0.0000000	1.00	0.00	15.22	314.94
11650.00	18787.27	223.31	0.0000000	1.00	0.00	15.15	314.08
11660.00	18760.00	223.40	0.0000000	1.00	0.00	15.10	313.33
11670.00	18727.50	223.61	0.0000000	1.00	0.00	15.04	312.47
11680.00	18701.00	223.73	0.0000000	1.00	0.00	14.99	311.69
11690.00	18671.00	223.80	0.0000000	1.00	0.00	14.96	311.15
11700.00	18641.00	223.83	0.0000000	1.00	0.00	14.94	310.72
11710.00	18611.00	223.90	0.0000000	1.00	0.00	14.92	310.41
11720.00	18584.00	223.93	0.0000000	1.00	0.00	14.91	310.21
11730.00	18560.00	223.97	0.0000000	1.00	0.00	14.90	310.10
11740.00	18528.00	223.90	0.0000000	1.00	0.00	14.90	310.08
11750.00	18499.09	223.86	0.0000000	1.00	0.00	14.91	310.13
11760.00	18471.00	223.80	0.0000000	1.00	0.00	14.91	310.24
11770.00	18441.00	223.83	0.0000000	1.00	0.00	14.92	310.43
11780.00	18414.00	223.90	0.0000000	1.00	0.00	14.93	310.68
11790.00	18391.00	223.90	0.0000000	1.00	0.00	14.93	310.99
11800.00	18360.00	223.87	0.0000000	1.00	0.00	14.94	311.34
11810.00	18328.00	223.76	0.0000000	1.00	0.00	14.94	311.71
11820.00	18301.11	223.70	0.0000000	1.00	0.00	14.93	312.06
11830.00	18277.50	223.76	0.0000000	1.00	0.00	14.93	312.39
11840.00	18249.00	223.73	0.0000000	1.00	0.00	14.92	312.63
11850.00	18219.00	223.70	0.0000000	1.00	0.00	14.90	312.79
11860.00	18194.44	223.70	0.0000000	1.00	0.00	14.89	312.90
11870.00	18166.00	223.70	0.0000000	1.00	0.00	14.89	312.96
11880.00	18133.33	223.61	0.0000000	1.00	0.00	14.88	312.98
11890.00	18110.00	223.50	0.0000000	1.00	0.00	14.88	312.97
11900.00	18080.00	223.50	0.0000000	1.00	0.00	14.89	312.92
11910.00	18057.00	223.50	0.0000000	1.00	0.00	14.90	312.82
11920.00	18027.00	223.51	0.0000000	1.00	0.00	14.92	312.67
11930.00	17997.00	223.59	0.0000000	1.00	0.00	14.94	312.47
11940.00	17967.27	223.50	0.0000000	1.00	0.00	14.96	312.23
11950.00	17940.00	223.50	0.0000000	1.00	0.00	14.98	311.96
11960.00	17920.00	223.60	0.0000000	1.00	0.00	15.00	311.65
11970.00	17888.00	223.61	0.0000000	1.00	0.00	15.02	311.31
11980.00	17866.67	223.71	0.0000000	1.00	0.00	15.02	311.00
11990.00	17835.56	223.82	0.0000000	1.00	0.00	15.02	310.69
12000.00	17810.00	223.93	0.0000000	1.00	0.00	15.01	310.44
12010.00	17778.00	224.04	0.0000000	1.00	0.00	14.99	310.25
12020.00	17751.11	224.14	0.0000000	1.00	0.00	14.95	310.13
12030.00	17728.89	224.26	0.0000000	1.00	0.00	14.91	310.05
12040.00	17700.00	224.30	0.0000000	1.00	0.00	14.86	310.01
12050.00	17674.44	224.38	0.0000000	1.00	0.00	14.81	309.99
12060.00	17643.33	224.40	0.0000000	1.00	0.00	14.75	309.97
12070.00	17613.00	224.40	0.0000000	1.00	0.00	14.69	309.92
12080.00	17590.00	224.60	0.0000000	1.00	0.00	14.63	309.81
12090.00	17566.67	224.71	0.0000000	1.00	0.00	14.57	309.61
12100.00	17535.56	224.82	0.0000000	1.00	0.00	14.52	309.30
12110.00	17511.00	224.96	0.0000000	1.00	0.00	14.46	308.90
12120.00	17483.33	225.13	0.0000000	1.00	0.00	14.42	308.42
12130.00	17461.11	225.24	0.0000000	1.00	0.00	14.37	307.80
12140.00	17433.33	225.30	0.0000000	1.00	0.00	14.33	307.10
12150.00	17406.67	225.30	0.0000000	1.00	0.00	14.29	306.34
12160.00	17376.67	225.38	0.0000000	1.00	0.00	14.25	305.54
12170.00	17352.22	225.58	0.0000000	1.00	0.00	14.21	304.73
12180.00	17330.00	225.60	0.0000000	1.00	0.00	14.16	303.92
12190.00	17300.00	225.60	0.0000000	1.00	0.00	14.11	303.25
12200.00	17277.00	225.61	0.0000000	1.00	0.00	14.04	302.58
12210.00	17247.78	225.70	0.0000000	1.00	0.00	13.98	302.07
12220.00	17225.00	225.70	0.0000000	1.00	0.00	13.89	301.64
12230.00	17198.00	225.70	0.0000000	1.00	0.00	13.80	301.37
12240.00	17171.11	225.70	0.0000000	1.00	0.00	13.70	301.27
12250.00	17145.00	225.70	0.0000000	1.00	0.00	13.60	301.29
12260.00	17120.00	225.65	0.0000000	1.00	0.00	13.50	301.42
12270.00	17093.33	225.60	0.0000000	1.00	0.00	13.39	301.63
12280.00	17068.00	225.66	0.0000000	1.00	0.00	13.29	301.90
12290.00	17042.00	225.70	0.0000000	1.00	0.00	13.19	302.20
12300.00	17018.00	225.70	0.0000000	1.00	0.00	13.10	302.49
12310.00	16990.00	225.70	0.0000000	1.00	0.00	13.02	302.79
12320.00	16964.44	225.70	0.0000000	1.00	0.00	12.94	303.04
12330.00	16933.33	225.70	0.0000000	1.00	0.00	12.88	303.19
12340.00	16910.00	225.70	0.0000000	1.00	0.00	12.83	303.22
12350.00	16890.00	225.60	0.0000000	1.00	0.00	12.79	303.14
12360.00	16860.00	225.60	0.0000000	1.00	0.00	12.77	302.95
12370.00	16840.00	225.60	0.0000000	1.00	0.00	12.76	302.65
12380.00	16808.00	225.61	0.0000000	1.00	0.00	12.76	302.24
12390.00	16787.00	225.73	0.0000000	1.00	0.00	12.77	301.81
12400.00	16758.00	226.00	0.0000000	1.00	0.00	12.79	301.35
12410.00	16737.00	226.01	0.0000000	1.00	0.00	12.82	300.88
12420.00	16708.00	226.11	0.0000000	1.00	0.00	12.86	300.44
12430.00	16687.00	226.21	0.0000000	1.00	0.00	12.91	300.03
12440.00	16657.00	226.31	0.0000000	1.00	0.00	12.96	299.65
12450.00	16628.18	226.40	0.0000000	1.00	0.00	13.01	299.30
12460.00	16610.00	226.40	0.0000000	1.00	0.00	13.06	298.99
12470.00	16580.00	226.40	0.0000000	1.00	0.00	13.11	298.65
12480.00	16561.82	226.31	0.0000000	1.00	0.00	13.14	298.34
12490.00	16530.00	226.30	0.0000000	1.00	0.00	13.17	297.95
12500.00	16510.00	226.20	0.0000000	1.00	0.00	13.18	297.57
12510.00	16480.00	226.20	0.0000000	1.00	0.00	13.18	297.19
12520.00	16461.82	226.29	0.0000000	1.00	0.00	13.15	296.84
12530.00	16437.50	226.37	0.0000000	1.00	0.00	13.12	296.51
12540.00	16410.91	226.40	0.0000000	1.00	0.00	13.06	296.16
12550.00	16385.00	226.45	0.0000000	1.00	0.00	13.00	295.82
12560.00	16359.09	226.46	0.0000000	1.00	0.00	12.91	295.49
12570.00	16334.00	226.40	0.0000000	1.00	0.00	12.81	295.15
12580.00	16311.82	226.37	0.0000000	1.00	0.00	12.69	294.83
12590.00	16284.00	226.28	0.0000000	1.00	0.00	12.56	294.56
12600.00	16256.36	226.18	0.0000000	1.00	0.00	12.41	294.35
12610.00	16237.50	226.09	0.0000000	1.00	0.00	12.26	294.22
12620.00	16212.50	226.01	0.0000000	1.00	0.00	12.13	294.17
12630.00	16192.00	225.91	0.0000000	1.00	0.00	11.97	294.18
12640.00	16163.00	225.81	0.0000000	1.00	0.00	11.81	294.27
12650.00	16135.45	225.72	0.0000000	1.00	0.00	11.68	294.41
12660.00	16114.00	225.62	0.0000000	1.00	0.00	11.54	294.60
12670.00	16088.18	225.60	0.0000000	1.00	0.00	11.42	294.81
12680.00	16067.27	225.54	0.0000000	1.00	0.00	11.32	295.04
12690.00	16043.64	225.55	0.0000000	1.00	0.00	11.23	295.29
12700.00	16015.00	225.60	0.0000000	1.00	0.00	11.16	295.57
12710.00	15990.00	225.55	0.0000000	1.00	0.00	11.09	295.92
12720.00	15966.36	225.45	0.0000000	1.00	0.00	11.05	296.30
12730.00	15942.00	225.36	0.0000000	1.00	0.00	11.02	296.73
12740.00	15918.00	225.30	0.0000000	1.00	0.00	11.00	297.25
12750.00	15892.73	225.30	0.0000000	1.00	0.00	11.00	297.84
12760.00	15871.82	225.30	0.0000000	1.00	0.00	11.02	298.47
12770.00	15846.36	225.30	0.0000000	1.00	0.00	11.04	299.17
12780.00	15827.00	225.30	0.0000000	1.00	0.00	11.08	299.94
12790.00	15798.18	225.29	0.0000000	1.00	0.00	11.13	300.86
12800.00	15780.00	225.20	0.0000000	1.00	0.00	11.19	301.75
12810.00	15748.00	225.19	0.0000000	1.00	0.00	11.27	302.89
12820.00	15727.27	225.10	0.0000000	1.00	0.00	11.37	303.95
12830.00	15700.00	225.10	0.0000000	1.00	0.00	11.46	304.92
12840.00	15681.82	225.10	0.0000000	1.00	0.00	11.56	305.86
12850.00	15655.45	225.02	0.0000000	1.00	0.00	11.68	306.74
12860.00	15634.00	224.92	0.0000000	1.00	0.00	11.82	307.63
12870.00	15606.00	224.90	0.0000000	1.00	0.00	11.96	308.42
12880.00	15584.00	224.98	0.0000000	1.00	0.00	12.12	309.09
12890.00	15564.00	225.00	0.0000000	1.00	0.00	12.28	309.62
12900.00	15536.00	225.00	0.0000000	1.00	0.00	12.44	310.01
12910.00	15512.22	225.00	0.0000000	1.00	0.00	12.61	310.25
12920.00	15492.00	225.00	0.0000000	1.00	0.00	12.77	310.31
12930.00	15465.45	225.00	0.0000000	1.00	0.00	12.90	310.22
12940.00	15446.67	225.00	0.0000000	1.00	0.00	13.02	310.01
12950.00	15422.00	225.00	0.0000000	1.00	0.00	13.13	309.69
12960.00	15398.00	225.12	0.0000000	1.00	0.00	13.23	309.23
12970.00	15373.64	225.25	0.0000000	1.00	0.00	13.31	308.70
12980.00	15348.89	225.30	0.0000000	1.00	0.00	13.37	308.07
12990.00	15328.00	225.36	0.0000000	1.00	0.00	13.41	307.36
13000.00	15303.64	225.45	0.0000000	1.00	0.00	13.42	306.68
13010.00	15278.89	225.50	0.0000000	1.00	0.00	13.40	305.91
13020.00	15258.00	225.62	0.0000000	1.00	0.00	13.35	305.07
13030.00	15233.64	225.81	0.0000000	1.00	0.00	13.29	304.29
13040.00	15211.67	225.98	0.0000000	1.00	0.00	13.21	303.55
13050.00	15191.00	226.13	0.0000000	1.00	0.00	13.11	302.80
13060.00	15164.55	226.17	0.0000000	1.00	0.00	12.98	301.99
13070.00	15145.00	226.08	0.0000000	1.00	0.00	12.86	301.29
13080.00	15120.00	226.00	0.0000000	1.00	0.00	12.73	300.68
13090.00	15095.00	226.00	0.0000000	1.00	0.00	12.59	300.13
13100.00	15075.45	225.93	0.0000000	1.00	0.00	12.43	299.62
13110.00	15052.50	225.84	0.0000000	1.00	0.00	12.29	299.20
13120.00	15030.00	225.80	0.0000000	1.00	0.00	12.13	298.85
13130.00	15006.36	225.80	0.0000000	1.00	0.00	11.97	298.58
13140.00	14981.11	225.71	0.0000000	1.00	0.00	11.81	298.42
13150.00	14960.00	225.60	0.0000000	1.00	0.00	11.67	298.38
13160.00	14940.00	225.55	0.0000000	1.00	0.00	11.55	298.46
13170.00	14913.33	225.50	0.0000000	1.00	0.00	11.45	298.66
13180.00	14888.00	225.56	0.0000000	1.00	0.00	11.38	298.96
13190.00	14868.00	225.54	0.0000000	1.00	0.00	11.35	299.31
13200.00	14848.00	225.44	0.0000000	1.00	0.00	11.36	299.70
13210.00	14826.67	225.33	0.0000000	1.00	0.00	11.39	300.17
13220.00	14806.00	225.23	0.0000000	1.00	0.00	11.46	300.65
13230.00	14780.91	225.20	0.0000000	1.00	0.00	11.55	301.11
13240.00	14756.67	225.27	0.0000000	1.00	0.00	11.67	301.62
13250.00	14736.00	225.23	0.0000000	1.00	0.00	11.81	302.14
13260.00	14716.00	225.13	0.0000000	1.00	0.00	11.97	302.64
13270.00	14690.91	225.04	0.0000000	1.00	0.00	12.12	303.09
13280.00	14668.00	225.00	0.0000000	1.00	0.00	12.29	303.55
13290.00	14648.00	225.00	0.0000000	1.00	0.00	12.47	304.00
13300.00	14628.00	225.00	0.0000000	1.00	0.00	12.65	304.41
13310.00	14606.67	224.93	0.0000000	1.00	0.00	12.84	304.79
13320.00	14582.50	224.99	0.0000000	1.00	0.00	13.05	305.14
13330.00	14562.00	225.00	0.0000000	1.00	0.00	13.21	305.31
13340.00	14533.00	224.91	0.0000000	1.00	0.00	13.36	305.37
13350.00	14510.00	225.10	0.0000000	1.00	0.00	13.51	305.31
13360.00	14487.78	225.10	0.0000000	1.00	0.00	13.64	305.10
13370.00	14466.00	225.10	0.0000000	1.00	0.00	13.75	304.77
13380.00	14445.56	225.12	0.0000000	1.00	0.00	13.83	304.37
13390.00	14423.33	225.20	0.0000000	1.00	0.00	13.90	303.85
13400.00	14400.00	225.20	0.0000000	1.00	0.00	13.95	303.24
13410.00	14378.00	225.20	0.0000000	1.00	0.00	13.98	302.63
13420.00	14356.67	225.33	0.0000000	1.00	0.00	13.99	302.04
13430.00	14334.44	225.56	0.0000000	1.00	0.00	13.98	301.43
13440.00	14314.00	225.68	0.0000000	1.00	0.00	13.97	300.90
13450.00	14292.22	225.70	0.0000000	1.00	0.00	13.95	300.37
13460.00	14272.00	225.61	0.0000000	1.00	0.00	13.93	299.91
13470.00	14250.00	225.60	0.0000000	1.00	0.00	13.91	299.46
13480.00	14227.78	225.61	0.0000000	1.00	0.00	13.90	299.05
13490.00	14206.00	225.72	0.0000000	1.00	0.00	13.89	298.72
13500.00	14185.00	225.83	0.0000000	1.00	0.00	13.89	298.46
13510.00	14161.11	225.94	0.0000000	1.00	0.00	13.91	298.25
13520.00	14140.00	226.00	0.0000000	1.00	0.00	13.92	298.12
13530.00	14120.00	226.05	0.0000000	1.00	0.00	13.95	298.05
13540.00	14097.50	226.16	0.0000000	1.00	0.00	13.97	297.99
13550.00	14082.22	226.12	0.0000000	1.00	0.00	13.99	297.93
13560.00	14064.00	226.10	0.0000000	1.00	0.00	14.01	297.85
13570.00	14042.22	226.19	0.0000000	1.00	0.00	14.01	297.73
13580.00	14013.00	226.20	0.0000000	1.00	0.00	14.01	297.59
13590.00	14000.00	226.10	0.0000000	1.00	0.00	13.98	297.42
13600.00	13977.78	226.00	0.0000000	1.00	0.00	13.94	297.27
13610.00	13955.56	226.02	0.0000000	1.00	0.00	13.88	297.14
13620.00	13934.00	226.16	0.0000000	1.00	0.00	13.80	297.06
13630.00	13913.33	226.33	0.0000000	1.00	0.00	13.72	297.02
13640.00	13892.00	226.40	0.0000000	1.00	0.00	13.62	297.00
13650.00	13872.00	226.36	0.0000000	1.00	0.00	13.53	297.00
13660.00	13852.00	226.26	0.0000000	1.00	0.00	13.44	297.00
13670.00	13832.00	226.12	0.0000000	1.00	0.00	13.35	297.00
13680.00	13811.11	226.00	0.0000000	1.00	0.00	13.26	297.00
13690.00	13788.89	226.00	0.0000000	1.00	0.00	13.19	296.99
13700.00	13765.00	226.00	0.0000000	1.00	0.00	13.12	296.97
13710.00	13744.00	225.92	0.0000000	1.00	0.00	13.08	296.93
13720.00	13722.22	225.72	0.0000000	1.00	0.00	13.06	296.85
13730.00	13702.00	225.70	0.0000000	1.00	0.00	13.06	296.73
13740.00	13682.00	225.70	0.0000000	1.00	0.00	13.08	296.59
13750.00	13660.00	225.80	0.0000000	1.00	0.00	13.11	296.41
13760.00	13640.00	226.00	0.0000000	1.00	0.00	13.15	296.24
13770.00	13617.78	226.11	0.0000000	1.00	0.00	13.21	296.06
13780.00	13596.00	226.22	0.0000000	1.00	0.00	13.27	295.88
13790.00	13575.56	226.30	0.0000000	1.00	0.00	13.33	295.71
13800.00	13554.00	226.30	0.0000000	1.00	0.00	13.39	295.53
13810.00	13533.33	226.33	0.0000000	1.00	0.00	13.44	295.39
13820.00	13516.00	226.40	0.0000000	1.00	0.00	13.49	295.28
13830.00	13501.11	226.40	0.0000000	1.00	0.00	13.53	295.24
13840.00	13480.00	226.40	0.0000000	1.00	0.00	13.56	295.27
13850.00	13460.00	226.40	0.0000000	1.00	0.00	13.58	295.37
13860.00	13438.89	226.40	0.0000000	1.00	0.00	13.59	295.51
13870.00	13416.67	226.40	0.0000000	1.00	0.00	13.58	295.67
13880.00	13397.27	226.34	0.0000000	1.00	0.00	13.57	295.79
13890.00	13378.00	226.24	0.0000000	1.00	0.00	13.56	295.89
13900.00	13356.67	226.20	0.0000000	1.00	0.00	13.54	295.95
13910.00	13336.00	226.20	0.0000000	1.00	0.00	13.52	295.98
13920.00	13314.44	226.20	0.0000000	1.00	0.00	13.49	295.99
13930.00	13294.00	226.20	0.0000000	1.00	0.00	13.48	295.97
13940.00	13272.22	226.20	0.0000000	1.00	0.00	13.46	295.92
13950.00	13252.00	226.20	0.0000000	1.00	0.00	13.45	295.81
13960.00	13230.00	226.20	0.0000000	1.00	0.00	13.45	295.60
13970.00	13210.00	226.30	0.0000000	1.00	0.00	13.44	295.30
13980.00	13190.00	226.20	0.0000000	1.00	0.00	13.44	294.90
13990.00	13180.00	226.10	0.0000000	1.00	0.00	13.43	294.38
14000.00	13158.00	226.20	0.0000000	1.00	0.00	13.41	293.70
14010.00	13137.78	226.21	0.0000000	1.00	0.00	13.38	293.02
14020.00	13116.00	226.32	0.0000000	1.00	0.00	13.33	292.24
14030.00	13096.00	226.42	0.0000000	1.00	0.00	13.27	291.51
14040.00	13076.00	226.52	0.0000000	1.00	0.00	13.19	290.79
14050.00	13056.00	226.62	0.0000000	1.00	0.00	13.09	290.11
14060.00	13036.36	226.74	0.0000000	1.00	0.00	12.97	289.47
14070.00	13018.18	226.91	0.0000000	1.00	0.00	12.84	288.93
14080.00	13000.00	227.00	0.0000000	1.00	0.00	12.70	288.45
14090.00	12980.00	226.90	0.0000000	1.00	0.00	12.53	288.01
14100.00	12960.00	226.90	0.0000000	1.00	0.00	12.36	287.65
14110.00	12940.00	226.80	0.0000000	1.00	0.00	12.19	287.38
14120.00	12921.82	226.71	0.0000000	1.00	0.00	12.03	287.22
14130.00	12902.00	226.70	0.0000000	1.00	0.00	11.87	287.13
14140.00	12880.00	226.70	0.0000000	1.00	0.00	11.71	287.11
14150.00	12860.00	226.60	0.0000000	1.00	0.00	11.57	287.17
14160.00	12840.00	226.50	0.0000000	1.00	0.00	11.46	287.30
14170.00	12821.82	226.50	0.0000000	1.00	0.00	11.38	287.48
14180.00	12802.00	226.41	0.0000000	1.00	0.00	11.30	287.71
14190.00	12782.00	226.40	0.0000000	1.00	0.00	11.25	287.99
14200.00	12760.00	226.40	0.0000000	1.00	0.00	11.21	288.34
14210.00	12741.82	226.49	0.0000000	1.00	0.00	11.19	288.63
14220.00	12722.00	226.50	0.0000000	1.00	0.00	11.17	288.96
14230.00	12710.00	226.50	0.0000000	1.00	0.00	11.17	289.33
14240.00	12687.78	226.50	0.0000000	1.00	0.00	11.18	289.69
14250.00	12666.00	226.50	0.0000000	1.00	0.00	11.19	290.03
14260.00	12646.36	226.48	0.0000000	1.00	0.00	11.21	290.30
14270.00	12628.00	226.40	0.0000000	1.00	0.00	11.23	290.52
14280.00	12608.00	226.40	0.0000000	1.00	0.00	11.25	290.70
14290.00	12589.00	226.41	0.0000000	1.00	0.00	11.27	290.83
14300.00	12578.00	226.50	0.0000000	1.00	0.00	11.29	290.89
14310.00	12558.18	226.51	0.0000000	1.00	0.00	11.31	290.88
14320.00	12540.00	226.60	0.0000000	1.00	0.00	11.33	290.82
14330.00	12518.00	226.60	0.0000000	1.00	0.00	11.36	290.66
14340.00	12498.18	226.60	0.0000000	1.00	0.00	11.39	290.47
14350.00	12480.00	226.60	0.0000000	1.00	0.00	11.42	290.26
14360.00	12460.00	226.70	0.0000000	1.00	0.00	11.45	289.99
14370.00	12440.00	226.60	0.0000000	1.00	0.00	11.49	289.73
14380.00	12420.00	226.60	0.0000000	1.00	0.00	11.54	289.50
14390.00	12400.00	226.60	0.0000000	1.00	0.00	11.59	289.31
14400.00	12380.00	226.60	0.0000000	1.00	0.00	11.64	289.16
14410.00	12370.00	226.70	0.0000000	1.00	0.00	11.70	289.08
14420.00	12350.00	226.70	0.0000000	1.00	0.00	11.75	289.03
14430.00	12328.18	226.70	0.0000000	1.00	0.00	11.81	289.00
14440.00	12310.00	226.70	0.0000000	1.00	0.00	11.85	289.00
14450.00	12290.00	226.70	0.0000000	1.00	0.00	11.89	289.00
14460.00	12270.00	226.70	0.0000000	1.00	0.00	11.92	289.00
14470.00	12251.82	226.70	0.0000000	1.00	0.00	11.93	289.00
14480.00	12232.00	226.61	0.0000000	1.00	0.00	11.93	289.00
14490.00	12221.00	226.60	0.0000000	1.00	0.00	11.91	289.00
14500.00	12202.00	226.60	0.0000000	1.00	0.00	11.88	289.00
14510.00	12182.00	226.60	0.0000000	1.00	0.00	11.82	289.00
14520.00	12160.00	226.70	0.0000000	1.00	0.00	11.74	289.00
14530.00	12148.00	226.70	0.0000000	1.00	0.00	11.65	289.00
14540.00	12128.00	226.71	0.0000000	1.00	0.00	11.55	289.00
14550.00	12108.00	226.80	0.0000000	1.00	0.00	11.44	289.00
14560.00	12088.00	226.80	0.0000000	1.00	0.00	11.32	289.00
14570.00	12068.89	226.80	0.0000000	1.00	0.00	11.20	289.01
14580.00	12055.56	226.82	0.0000000	1.00	0.00	11.07	289.04
14590.00	12034.55	226.87	0.0000000	1.00	0.00	10.94	289.11
14600.00	12015.56	226.82	0.0000000	1.00	0.00	10.83	289.22
14610.00	11996.67	226.90	0.0000000	1.00	0.00	10.71	289.43
14620.00	11982.00	226.94	0.0000000	1.00	0.00	10.60	289.73
14630.00	11962.00	227.00	0.0000000	1.00	0.00	10.50	290.08
14640.00	11942.00	227.00	0.0000000	1.00	0.00	10.40	290.49
14650.00	11926.00	226.96	0.0000000	1.00	0.00	10.32	290.95
14660.00	11911.11	226.86	0.0000000	1.00	0.00	10.24	291.45
14670.00	11890.00	226.80	0.0000000	1.00	0.00	10.17	291.98
14680.00	11875.00	226.75	0.0000000	1.00	0.00	10.12	292.48
14690.00	11858.89	226.70	0.0000000	1.00	0.00	10.08	293.00
14700.00	11838.00	226.64	0.0000000	1.00	0.00	10.06	293.48
14710.00	11818.00	226.54	0.0000000	1.00	0.00	10.06	293.90
14720.00	11804.00	226.50	0.0000000	1.00	0.00	10.08	294.25
14730.00	11788.00	226.44	0.0000000	1.00	0.00	10.12	294.54
14740.00	11766.67	226.40	0.0000000	1.00	0.00	10.19	294.75
14750.00	11752.22	226.40	0.0000000	1.00	0.00	10.28	294.86
14760.00	11732.22	226.40	0.0000000	1.00	0.00	10.39	294.88
14770.00	11712.00	226.31	0.0000000	1.00	0.00	10.51	294.82
14780.00	11692.00	226.30	0.0000000	1.00	0.00	10.64	294.69
14790.00	11681.00	226.39	0.0000000	1.00	0.00	10.77	294.49
14800.00	11662.00	226.40	0.0000000	1.00	0.00	10.90	294.23
14810.00	11642.00	226.49	0.0000000	1.00	0.00	11.03	293.93
14820.00	11630.00	226.50	0.0000000	1.00	0.00	11.16	293.55
14830.00	11608.00	226.50	0.0000000	1.00	0.00	11.26	293.16
14840.00	11588.89	226.50	0.0000000	1.00	0.00	11.33	292.80
14850.00	11576.00	226.48	0.0000000	1.00	0.00	11.38	292.44
14860.00	11555.56	226.38	0.0000000	1.00	0.00	11.39	292.13
14870.00	11537.00	226.30	0.0000000	1.00	0.00	11.36	291.84
14880.00	11524.00	226.30	0.0000000	1.00	0.00	11.30	291.61
14890.00	11503.33	226.30	0.0000000	1.00	0.00	11.22	291.41
14900.00	11485.00	226.30	0.0000000	1.00	0.00	11.08	291.25
14910.00	11466.67	226.23	0.0000000	1.00	0.00	10.91	291.17
14920.00	11447.27	226.20	0.0000000	1.00	0.00	10.75	291.19
14930.00	11433.33	226.20	0.0000000	1.00	0.00	10.57	291.30
14940.00	11416.00	226.27	0.0000000	1.00	0.00	10.39	291.52
14950.00	11396.00	226.30	0.0000000	1.00	0.00	10.20	291.82
14960.00	11383.00	226.37	0.0000000	1.00	0.00	10.02	292.22
14970.00	11364.44	226.40	0.0000000	1.00	0.00	9.84	292.73
14980.00	11351.11	226.49	0.0000000	1.00	0.00	9.68	293.35
14990.00	11330.00	226.50	0.0000000	1.00	0.00	9.55	294.04
15000.00	11310.00	226.60	0.0000000	1.00	0.00	9.46	294.73
